% Flood Neural Network. Car problem results data file.
% Final time: 1.82265
% Final position error: 0.287891
% Final velocity error: -0.461015
% Column data:
%  1 - Time
%  2 - Position
%  3 - Velocity
%  4 - Acceleration
%  5 - Deceleration
0 0 0 1 0
0.00182265 1.66103e-006 0.00182265 1 0
0.0036453 6.64411e-006 0.0036453 1 0
0.00546795 1.49492e-005 0.00546795 1 0
0.0072906 2.65764e-005 0.0072906 1 0
0.00911325 4.15257e-005 0.00911325 1 0
0.0109359 5.9797e-005 0.0109359 1 0
0.0127586 8.13903e-005 0.0127586 1 0
0.0145812 0.000106306 0.0145812 1 0
0.0164039 0.000134543 0.0164039 1 0
0.0182265 0.000166103 0.0182265 1 0
0.0200492 0.000200984 0.0200492 1 0
0.0218718 0.000239188 0.0218718 1 0
0.0236945 0.000280714 0.0236945 1 0
0.0255171 0.000325561 0.0255171 1 0
0.0273398 0.000373731 0.0273398 1 0
0.0291624 0.000425223 0.0291624 1 0
0.0309851 0.000480037 0.0309851 1 0
0.0328077 0.000538173 0.0328077 1 0
0.0346304 0.000599631 0.0346304 1 0
0.036453 0.000664411 0.036453 1 0
0.0382757 0.000732513 0.0382757 1 0
0.0400983 0.000803937 0.0400983 1 0
0.041921 0.000878683 0.041921 1 0
0.0437436 0.000956752 0.0437436 1 0
0.0455663 0.00103814 0.0455663 1 0
0.0473889 0.00112285 0.0473889 1 0
0.0492116 0.00121089 0.0492116 1 0
0.0510342 0.00130225 0.0510342 1 0
0.0528569 0.00139692 0.0528569 1 0
0.0546795 0.00149492 0.0546795 1 0
0.0565022 0.00159625 0.0565022 1 0
0.0583248 0.00170089 0.0583248 1 0
0.0601475 0.00180886 0.0601475 1 0
0.0619701 0.00192015 0.0619701 1 0
0.0637928 0.00203476 0.0637928 1 0
0.0656154 0.00215269 0.0656154 1 0
0.0674381 0.00227395 0.0674381 1 0
0.0692607 0.00239852 0.0692607 1 0
0.0710834 0.00252642 0.0710834 1 0
0.072906 0.00265764 0.072906 1 0
0.0747287 0.00279219 0.0747287 1 0
0.0765513 0.00293005 0.0765507 0.998832 0
0.078374 0.00307124 0.0783695 0.996868 0
0.0801966 0.00321573 0.0801846 0.9949 0
0.0820193 0.00336353 0.0819962 0.992929 0
0.0838419 0.00351463 0.0838041 0.990953 0
0.0856646 0.00366902 0.0856085 0.988974 0
0.0874872 0.0038267 0.0874092 0.986991 0
0.0893099 0.00398765 0.0892064 0.985004 0
0.0911325 0.00415188 0.0909999 0.983013 0
0.0929552 0.00431937 0.0927897 0.981018 0
0.0947778 0.00449012 0.094576 0.97902 0
0.0966005 0.00466413 0.0963586 0.977018 0
0.0984231 0.00484137 0.0981375 0.975011 0
0.100246 0.00502186 0.0999128 0.973001 0
0.102068 0.00520558 0.101684 0.970987 0
0.103891 0.00539253 0.103452 0.96897 0
0.105714 0.0055827 0.105217 0.966948 0
0.107536 0.00577608 0.106977 0.964923 0
0.109359 0.00597266 0.108734 0.962894 0
0.111182 0.00617244 0.110487 0.960861 0
0.113004 0.00637542 0.112237 0.958824 0
0.114827 0.00658158 0.113982 0.956783 0
0.11665 0.00679091 0.115724 0.954739 0
0.118472 0.00700342 0.117463 0.952691 0
0.120295 0.0072191 0.119197 0.950639 0
0.122118 0.00743793 0.120928 0.948583 0
0.12394 0.00765991 0.122655 0.946524 0
0.125763 0.00788504 0.124378 0.94446 0
0.127586 0.00811331 0.126098 0.942393 0
0.129408 0.00834471 0.127814 0.940322 0
0.131231 0.00857923 0.129526 0.938248 0
0.133053 0.00881686 0.131234 0.93617 0
0.134876 0.00905761 0.132938 0.934088 0
0.136699 0.00930146 0.134639 0.932002 0
0.138521 0.00954841 0.136336 0.929912 0
0.140344 0.00979844 0.138029 0.927819 0
0.142167 0.0100516 0.139718 0.925722 0
0.143989 0.0103078 0.141403 0.923621 0
0.145812 0.010567 0.143085 0.921517 0
0.147635 0.0108293 0.144762 0.919409 0
0.149457 0.0110947 0.146436 0.917297 0
0.15128 0.0113631 0.148106 0.915182 0
0.153103 0.0116346 0.149772 0.913062 0
0.154925 0.0119091 0.151435 0.91094 0
0.156748 0.0121866 0.153093 0.908813 0
0.158571 0.0124672 0.154748 0.906683 0
0.160393 0.0127507 0.156398 0.904549 0
0.162216 0.0130373 0.158045 0.902412 0
0.164039 0.0133268 0.159688 0.90027 0
0.165861 0.0136194 0.161327 0.898126 0
0.167684 0.0139149 0.162962 0.895977 0
0.169506 0.0142134 0.164593 0.893825 0
0.171329 0.0145149 0.16622 0.89167 0
0.173152 0.0148194 0.167843 0.88951 0
0.174974 0.0151268 0.169462 0.887347 0
0.176797 0.0154371 0.171078 0.885181 0
0.17862 0.0157504 0.172689 0.883011 0
0.180442 0.0160666 0.174297 0.880837 0
0.182265 0.0163857 0.1759 0.87866 0
0.184088 0.0167078 0.1775 0.876479 0
0.18591 0.0170328 0.179095 0.874295 0
0.187733 0.0173607 0.180687 0.872107 0
0.189556 0.0176914 0.182274 0.869915 0
0.191378 0.0180251 0.183858 0.86772 0
0.193201 0.0183616 0.185437 0.865522 0
0.195024 0.0187011 0.187013 0.86332 0
0.196846 0.0190434 0.188584 0.861114 0
0.198669 0.0193885 0.190152 0.858905 0
0.200492 0.0197365 0.191715 0.856692 0
0.202314 0.0200874 0.193275 0.854476 0
0.204137 0.0204411 0.19483 0.852257 0
0.205959 0.0207976 0.196382 0.850034 0
0.207782 0.0211569 0.197929 0.847807 0
0.209605 0.0215191 0.199472 0.845577 0
0.211427 0.0218841 0.201011 0.843344 0
0.21325 0.0222518 0.202546 0.841107 0
0.215073 0.0226224 0.204077 0.838867 0
0.216895 0.0229958 0.205604 0.836623 0
0.218718 0.0233719 0.207127 0.834376 0
0.220541 0.0237508 0.208646 0.832125 0
0.222363 0.0241325 0.21016 0.829872 0
0.224186 0.0245169 0.211671 0.827614 0
0.226009 0.0249041 0.213177 0.825354 0
0.227831 0.025294 0.21468 0.82309 0
0.229654 0.0256866 0.216178 0.820822 0
0.231477 0.026082 0.217672 0.818551 0
0.233299 0.0264801 0.219162 0.816277 0
0.235122 0.0268809 0.220647 0.814 0
0.236945 0.0272844 0.222129 0.811719 0
0.238767 0.0276906 0.223606 0.809435 0
0.24059 0.0280995 0.225079 0.807148 0
0.242413 0.0285111 0.226549 0.804857 0
0.244235 0.0289254 0.228013 0.802563 0
0.246058 0.0293423 0.229474 0.800266 0
0.24788 0.0297619 0.230931 0.797966 0
0.249703 0.0301841 0.232383 0.795662 0
0.251526 0.030609 0.233831 0.793355 0
0.253348 0.0310365 0.235275 0.791045 0
0.255171 0.0314666 0.236715 0.788731 0
0.256994 0.0318994 0.23815 0.786415 0
0.258816 0.0323348 0.239581 0.784095 0
0.260639 0.0327727 0.241008 0.781772 0
0.262462 0.0332133 0.242431 0.779446 0
0.264284 0.0336565 0.24385 0.777116 0
0.266107 0.0341022 0.245264 0.774784 0
0.26793 0.0345505 0.246674 0.772448 0
0.269752 0.0350014 0.24808 0.77011 0
0.271575 0.0354548 0.249481 0.767768 0
0.273398 0.0359108 0.250879 0.765423 0
0.27522 0.0363694 0.252271 0.763075 0
0.277043 0.0368304 0.25366 0.760724 0
0.278866 0.037294 0.255045 0.758369 0
0.280688 0.0377601 0.256425 0.756012 0
0.282511 0.0382288 0.2578 0.753652 0
0.284333 0.0386999 0.259172 0.751288 0
0.286156 0.0391735 0.260539 0.748922 0
0.287979 0.0396496 0.261902 0.746553 0
0.289801 0.0401282 0.26326 0.74418 0
0.291624 0.0406093 0.264615 0.741805 0
0.293447 0.0410928 0.265965 0.739426 0
0.295269 0.0415788 0.26731 0.737045 0
0.297092 0.0420673 0.268651 0.734661 0
0.298915 0.0425581 0.269988 0.732273 0
0.300737 0.0430514 0.271321 0.729883 0
0.30256 0.0435472 0.272649 0.72749 0
0.304383 0.0440453 0.273973 0.725094 0
0.306205 0.0445459 0.275292 0.722695 0
0.308028 0.0450489 0.276607 0.720293 0
0.309851 0.0455542 0.277918 0.717889 0
0.311673 0.0460619 0.279224 0.715481 0
0.313496 0.0465721 0.280526 0.713071 0
0.315319 0.0470845 0.281823 0.710658 0
0.317141 0.0475994 0.283116 0.708242 0
0.318964 0.0481166 0.284405 0.705823 0
0.320786 0.0486361 0.285689 0.703401 0
0.322609 0.049158 0.286969 0.700977 0
0.324432 0.0496822 0.288245 0.69855 0
0.326254 0.0502087 0.289516 0.69612 0
0.328077 0.0507376 0.290782 0.693687 0
0.3299 0.0512687 0.292044 0.691252 0
0.331722 0.0518022 0.293302 0.688814 0
0.333545 0.0523379 0.294555 0.686373 0
0.335368 0.0528759 0.295804 0.68393 0
0.33719 0.0534162 0.297048 0.681484 0
0.339013 0.0539587 0.298288 0.679035 0
0.340836 0.0545035 0.299524 0.676584 0
0.342658 0.0550506 0.300755 0.67413 0
0.344481 0.0555999 0.301981 0.671673 0
0.346304 0.0561514 0.303203 0.669214 0
0.348126 0.0567051 0.304421 0.666752 0
0.349949 0.0572611 0.305634 0.664288 0
0.351772 0.0578193 0.306842 0.661821 0
0.353594 0.0583796 0.308046 0.659352 0
0.355417 0.0589422 0.309246 0.65688 0
0.357239 0.0595069 0.310441 0.654405 0
0.359062 0.0600738 0.311631 0.651928 0
0.360885 0.0606429 0.312817 0.649449 0
0.362707 0.0612141 0.313999 0.646967 0
0.36453 0.0617875 0.315175 0.644483 0
0.366353 0.062363 0.316348 0.641996 0
0.368175 0.0629407 0.317516 0.639507 0
0.369998 0.0635205 0.318679 0.637015 0
0.371821 0.0641024 0.319838 0.634521 0
0.373643 0.0646864 0.320992 0.632025 0
0.375466 0.0652725 0.322142 0.629526 0
0.377289 0.0658607 0.323287 0.627025 0
0.379111 0.066451 0.324427 0.624522 0
0.380934 0.0670433 0.325563 0.622016 0
0.382757 0.0676377 0.326695 0.619508 0
0.384579 0.0682342 0.327822 0.616998 0
0.386402 0.0688327 0.328944 0.614486 0
0.388225 0.0694333 0.330062 0.611971 0
0.390047 0.0700359 0.331175 0.609454 0
0.39187 0.0706405 0.332283 0.606935 0
0.393692 0.0712472 0.333387 0.604413 0
0.395515 0.0718558 0.334487 0.60189 0
0.397338 0.0724665 0.335581 0.599364 0
0.39916 0.0730791 0.336672 0.596836 0
0.400983 0.0736938 0.337757 0.594306 0
0.402806 0.0743103 0.338838 0.591774 0
0.404628 0.0749289 0.339914 0.58924 0
0.406451 0.0755494 0.340986 0.586703 0
0.408274 0.0761719 0.342053 0.584165 0
0.410096 0.0767963 0.343115 0.581625 0
0.411919 0.0774227 0.344173 0.579082 0
0.413742 0.0780509 0.345226 0.576538 0
0.415564 0.0786811 0.346275 0.573991 0
0.417387 0.0793132 0.347319 0.571443 0
0.41921 0.0799472 0.348358 0.568892 0
0.421032 0.0805831 0.349392 0.56634 0
0.422855 0.0812208 0.350422 0.563786 0
0.424678 0.0818605 0.351448 0.561229 0
0.4265 0.082502 0.352468 0.558671 0
0.428323 0.0831453 0.353484 0.556111 0
0.430145 0.0837905 0.354495 0.55355 0
0.431968 0.0844376 0.355502 0.550986 0
0.433791 0.0850864 0.356504 0.54842 0
0.435613 0.0857371 0.357501 0.545853 0
0.437436 0.0863896 0.358494 0.543284 0
0.439259 0.0870439 0.359482 0.540713 0
0.441081 0.0877 0.360465 0.53814 0
0.442904 0.0883579 0.361443 0.535566 0
0.444727 0.0890176 0.362417 0.53299 0
0.446549 0.089679 0.363386 0.530412 0
0.448372 0.0903422 0.364351 0.527832 0
0.450195 0.0910072 0.36531 0.525251 0
0.452017 0.0916739 0.366265 0.522668 0
0.45384 0.0923424 0.367216 0.520084 0
0.455663 0.0930125 0.368161 0.517498 0
0.457485 0.0936844 0.369102 0.51491 0
0.459308 0.094358 0.370038 0.512321 0
0.461131 0.0950333 0.37097 0.50973 0
0.462953 0.0957103 0.371896 0.507138 0
0.464776 0.096389 0.372818 0.504544 0
0.466599 0.0970693 0.373735 0.501948 0
0.468421 0.0977513 0.374648 0.499351 0
0.470244 0.098435 0.375556 0.496753 0
0.472066 0.0991204 0.376459 0.494153 0
0.473889 0.0998073 0.377357 0.491552 0
0.475712 0.100496 0.378251 0.48895 0
0.477534 0.101186 0.379139 0.486345 0
0.479357 0.101878 0.380023 0.48374 0
0.48118 0.102571 0.380903 0.481133 0
0.483002 0.103267 0.381777 0.478525 0
0.484825 0.103963 0.382647 0.475916 0
0.486648 0.104661 0.383512 0.473305 0
0.48847 0.105361 0.384373 0.470693 0
0.490293 0.106063 0.385228 0.46808 0
0.492116 0.106765 0.386079 0.465465 0
0.493938 0.10747 0.386925 0.46285 0
0.495761 0.108176 0.387766 0.460233 0
0.497584 0.108883 0.388602 0.457615 0
0.499406 0.109592 0.389434 0.454995 0
0.501229 0.110303 0.390261 0.452375 0
0.503052 0.111015 0.391083 0.449753 0
0.504874 0.111729 0.391901 0.447131 0
0.506697 0.112444 0.392713 0.444507 0
0.508519 0.11316 0.393521 0.441882 0
0.510342 0.113878 0.394324 0.439256 0
0.512165 0.114598 0.395122 0.436629 0
0.513987 0.115319 0.395916 0.434001 0
0.51581 0.116041 0.396704 0.431373 0
0.517633 0.116765 0.397488 0.428743 0
0.519455 0.11749 0.398267 0.426112 0
0.521278 0.118216 0.399041 0.42348 0
0.523101 0.118944 0.399811 0.420847 0
0.524923 0.119674 0.400575 0.418214 0
0.526746 0.120405 0.401335 0.41558 0
0.528569 0.121137 0.40209 0.412944 0
0.530391 0.12187 0.402841 0.410308 0
0.532214 0.122605 0.403586 0.407671 0
0.534037 0.123342 0.404327 0.405033 0
0.535859 0.124079 0.405063 0.402395 0
0.537682 0.124818 0.405794 0.399756 0
0.539505 0.125558 0.40652 0.397116 0
0.541327 0.1263 0.407241 0.394475 0
0.54315 0.127043 0.407958 0.391834 0
0.544972 0.127787 0.40867 0.389192 0
0.546795 0.128533 0.409376 0.386549 0
0.548618 0.129279 0.410079 0.383906 0
0.55044 0.130028 0.410776 0.381262 0
0.552263 0.130777 0.411468 0.378617 0
0.554086 0.131527 0.412156 0.375972 0
0.555908 0.132279 0.412839 0.373326 0
0.557731 0.133032 0.413517 0.37068 0
0.559554 0.133787 0.41419 0.368033 0
0.561376 0.134542 0.414859 0.365386 0
0.563199 0.135299 0.415522 0.362739 0
0.565022 0.136057 0.416181 0.36009 0
0.566844 0.136816 0.416835 0.357442 0
0.568667 0.137576 0.417484 0.354793 0
0.57049 0.138338 0.418128 0.352143 0
0.572312 0.139101 0.418768 0.349494 0
0.574135 0.139864 0.419402 0.346844 0
0.575958 0.140629 0.420032 0.344193 0
0.57778 0.141396 0.420657 0.341543 0
0.579603 0.142163 0.421277 0.338892 0
0.581425 0.142931 0.421892 0.33624 0
0.583248 0.143701 0.422503 0.333589 0
0.585071 0.144471 0.423108 0.330937 0
0.586893 0.145243 0.423709 0.328285 0
0.588716 0.146016 0.424305 0.325633 0
0.590539 0.14679 0.424896 0.322981 0
0.592361 0.147565 0.425482 0.320328 0
0.594184 0.148341 0.426064 0.317676 0
0.596007 0.149118 0.42664 0.315023 0
0.597829 0.149896 0.427212 0.31237 0
0.599652 0.150675 0.427779 0.309718 0
0.601475 0.151455 0.428341 0.307065 0
0.603297 0.152237 0.428898 0.304412 0
0.60512 0.153019 0.429451 0.301759 0
0.606943 0.153802 0.429998 0.299106 0
0.608765 0.154586 0.430541 0.296453 0
0.610588 0.155372 0.431079 0.293801 0
0.612411 0.156158 0.431612 0.291148 0
0.614233 0.156945 0.43214 0.288496 0
0.616056 0.157733 0.432664 0.285843 0
0.617878 0.158522 0.433182 0.283191 0
0.619701 0.159312 0.433696 0.280539 0
0.621524 0.160103 0.434205 0.277887 0
0.623346 0.160895 0.434709 0.275235 0
0.625169 0.161688 0.435208 0.272584 0
0.626992 0.162481 0.435703 0.269933 0
0.628814 0.163276 0.436192 0.267282 0
0.630637 0.164071 0.436677 0.264631 0
0.63246 0.164868 0.437157 0.261981 0
0.634282 0.165665 0.437632 0.259331 0
0.636105 0.166463 0.438102 0.256681 0
0.637928 0.167262 0.438568 0.254032 0
0.63975 0.168062 0.439028 0.251383 0
0.641573 0.168862 0.439484 0.248735 0
0.643396 0.169664 0.439935 0.246087 0
0.645218 0.170466 0.440381 0.243439 0
0.647041 0.171269 0.440822 0.240792 0
0.648864 0.172073 0.441259 0.238145 0
0.650686 0.172878 0.44169 0.235499 0
0.652509 0.173683 0.442117 0.232854 0
0.654331 0.174489 0.442539 0.230209 0
0.656154 0.175296 0.442956 0.227565 0
0.657977 0.176104 0.443369 0.224921 0
0.659799 0.176913 0.443776 0.222278 0
0.661622 0.177722 0.444179 0.219635 0
0.663445 0.178532 0.444577 0.216993 0
0.665267 0.179342 0.44497 0.214352 0
0.66709 0.180154 0.445358 0.211712 0
0.668913 0.180966 0.445742 0.209072 0
0.670735 0.181779 0.446121 0.206433 0
0.672558 0.182592 0.446494 0.203795 0
0.674381 0.183406 0.446863 0.201158 0
0.676203 0.184221 0.447228 0.198521 0
0.678026 0.185036 0.447587 0.195885 0
0.679849 0.185853 0.447942 0.19325 0
0.681671 0.186669 0.448292 0.190616 0
0.683494 0.187487 0.448637 0.187983 0
0.685317 0.188305 0.448977 0.185351 0
0.687139 0.189123 0.449312 0.18272 0
0.688962 0.189943 0.449643 0.180089 0
0.690785 0.190762 0.449969 0.17746 0
0.692607 0.191583 0.45029 0.174832 0
0.69443 0.192404 0.450606 0.172204 0
0.696252 0.193226 0.450918 0.169578 0
0.698075 0.194048 0.451224 0.166953 0
0.699898 0.19487 0.451526 0.164329 0
0.70172 0.195694 0.451823 0.161706 0
0.703543 0.196517 0.452116 0.159084 0
0.705366 0.197342 0.452403 0.156463 0
0.707188 0.198167 0.452686 0.153843 0
0.709011 0.198992 0.452964 0.151225 0
0.710834 0.199818 0.453237 0.148608 0
0.712656 0.200644 0.453506 0.145991 0
0.714479 0.201471 0.453769 0.143377 0
0.716302 0.202298 0.454028 0.140763 0
0.718124 0.203126 0.454283 0.138151 0
0.719947 0.203954 0.454532 0.13554 0
0.72177 0.204783 0.454777 0.13293 0
0.723592 0.205612 0.455016 0.130322 0
0.725415 0.206442 0.455252 0.127715 0
0.727238 0.207271 0.455482 0.125109 0
0.72906 0.208102 0.455708 0.122505 0
0.730883 0.208933 0.455929 0.119903 0
0.732705 0.209764 0.456145 0.117301 0
0.734528 0.210595 0.456356 0.114701 0
0.736351 0.211427 0.456563 0.112103 0
0.738173 0.21226 0.456765 0.109506 0
0.739996 0.213092 0.456962 0.106911 0
0.741819 0.213926 0.457155 0.104317 0
0.743641 0.214759 0.457342 0.101725 0
0.745464 0.215593 0.457525 0.0991341 0
0.747287 0.216427 0.457704 0.096545 0
0.749109 0.217261 0.457877 0.0939576 0
0.750932 0.218096 0.458046 0.0913718 0
0.752755 0.218931 0.45821 0.0887876 0
0.754577 0.219766 0.45837 0.0862052 0
0.7564 0.220602 0.458525 0.0836244 0
0.758223 0.221438 0.458675 0.0810453 0
0.760045 0.222274 0.45882 0.078468 0
0.761868 0.22311 0.458961 0.0758924 0
0.763691 0.223947 0.459097 0.0733186 0
0.765513 0.224784 0.459228 0.0707466 0
0.767336 0.225621 0.459355 0.0681764 0
0.769158 0.226458 0.459477 0.0656081 0
0.770981 0.227296 0.459594 0.0630416 0
0.772804 0.228134 0.459706 0.0604769 0
0.774626 0.228972 0.459814 0.0579142 0
0.776449 0.22981 0.459918 0.0553533 0
0.778272 0.230648 0.460016 0.0527944 0
0.780094 0.231487 0.46011 0.0502374 0
0.781917 0.232325 0.460199 0.0476824 0
0.78374 0.233164 0.460284 0.0451294 0
0.785562 0.234003 0.460364 0.0425784 0
0.787385 0.234842 0.460439 0.0400294 0
0.789208 0.235682 0.46051 0.0374824 0
0.79103 0.236521 0.460576 0.0349375 0
0.792853 0.237361 0.460637 0.0323947 0
0.794676 0.2382 0.460694 0.029854 0
0.796498 0.23904 0.460746 0.0273154 0
0.798321 0.23988 0.460793 0.0247789 0
0.800144 0.24072 0.460836 0.0222446 0
0.801966 0.24156 0.460874 0.0197124 0
0.803789 0.2424 0.460908 0.0171824 0
0.805611 0.24324 0.460937 0.0146546 0
0.807434 0.24408 0.460961 0.0121291 0
0.809257 0.24492 0.460981 0.0096058 0
0.811079 0.24576 0.460996 0.00708476 0
0.812902 0.246601 0.461007 0.00456599 0
0.814725 0.247441 0.461013 0.00204952 0
0.816547 0.248281 0.461015 0 0
0.81837 0.249121 0.461015 0 0
0.820193 0.249962 0.461015 0 0
0.822015 0.250802 0.461015 0 0
0.823838 0.251642 0.461015 0 0
0.825661 0.252482 0.461015 0 0
0.827483 0.253323 0.461015 0 0
0.829306 0.254163 0.461015 0 0
0.831129 0.255003 0.461015 0 0
0.832951 0.255844 0.461015 0 0
0.834774 0.256684 0.461015 0 0
0.836597 0.257524 0.461015 0 0
0.838419 0.258364 0.461015 0 0
0.840242 0.259205 0.461015 0 0
0.842064 0.260045 0.461015 0 0
0.843887 0.260885 0.461015 0 0
0.84571 0.261725 0.461015 0 0
0.847532 0.262566 0.461015 0 0
0.849355 0.263406 0.461015 0 0
0.851178 0.264246 0.461015 0 0
0.853 0.265086 0.461015 0 0
0.854823 0.265927 0.461015 0 0
0.856646 0.266767 0.461015 0 0
0.858468 0.267607 0.461015 0 0
0.860291 0.268448 0.461015 0 0
0.862114 0.269288 0.461015 0 0
0.863936 0.270128 0.461015 0 0
0.865759 0.270968 0.461015 0 0
0.867582 0.271809 0.461015 0 0
0.869404 0.272649 0.461015 0 0
0.871227 0.273489 0.461015 0 0
0.87305 0.274329 0.461015 0 0
0.874872 0.27517 0.461015 0 0
0.876695 0.27601 0.461015 0 0
0.878517 0.27685 0.461015 0 0
0.88034 0.27769 0.461015 0 0
0.882163 0.278531 0.461015 0 0
0.883985 0.279371 0.461015 0 0
0.885808 0.280211 0.461015 0 0
0.887631 0.281052 0.461015 0 0
0.889453 0.281892 0.461015 0 0
0.891276 0.282732 0.461015 0 0
0.893099 0.283572 0.461015 0 0
0.894921 0.284413 0.461015 0 0
0.896744 0.285253 0.461015 0 0
0.898567 0.286093 0.461015 0 0
0.900389 0.286933 0.461015 0 0
0.902212 0.287774 0.461015 0 0
0.904035 0.288614 0.461015 0 0
0.905857 0.289454 0.461015 0 0
0.90768 0.290295 0.461015 0 0
0.909503 0.291135 0.461015 0 0
0.911325 0.291975 0.461015 0 0
0.913148 0.292815 0.461015 0 0
0.914971 0.293656 0.461015 0 0
0.916793 0.294496 0.461015 0 0
0.918616 0.295336 0.461015 0 0
0.920438 0.296176 0.461015 0 0
0.922261 0.297017 0.461015 0 0
0.924084 0.297857 0.461015 0 0
0.925906 0.298697 0.461015 0 0
0.927729 0.299537 0.461015 0 0
0.929552 0.300378 0.461015 0 0
0.931374 0.301218 0.461015 0 0
0.933197 0.302058 0.461015 0 0
0.93502 0.302899 0.461015 0 0
0.936842 0.303739 0.461015 0 0
0.938665 0.304579 0.461015 0 0
0.940488 0.305419 0.461015 0 0
0.94231 0.30626 0.461015 0 0
0.944133 0.3071 0.461015 0 0
0.945956 0.30794 0.461015 0 0
0.947778 0.30878 0.461015 0 0
0.949601 0.309621 0.461015 0 0
0.951424 0.310461 0.461015 0 0
0.953246 0.311301 0.461015 0 0
0.955069 0.312141 0.461015 0 0
0.956891 0.312982 0.461015 0 0
0.958714 0.313822 0.461015 0 0
0.960537 0.314662 0.461015 0 0
0.962359 0.315503 0.461015 0 0
0.964182 0.316343 0.461015 0 0
0.966005 0.317183 0.461015 0 0
0.967827 0.318023 0.461015 0 0
0.96965 0.318864 0.461015 0 0
0.971473 0.319704 0.461015 0 0
0.973295 0.320544 0.461015 0 0
0.975118 0.321384 0.461015 0 0
0.976941 0.322225 0.461015 0 0
0.978763 0.323065 0.461015 0 0
0.980586 0.323905 0.461015 0 0
0.982409 0.324746 0.461015 0 0
0.984231 0.325586 0.461015 0 0
0.986054 0.326426 0.461015 0 0
0.987877 0.327266 0.461015 0 0
0.989699 0.328107 0.461015 0 0
0.991522 0.328947 0.461015 0 0
0.993344 0.329787 0.461015 0 0
0.995167 0.330627 0.461015 0 0
0.99699 0.331468 0.461015 0 0
0.998812 0.332308 0.461015 0 0
1.00064 0.333148 0.461015 0 0
1.00246 0.333988 0.461015 0 0
1.00428 0.334829 0.461015 0 0
1.0061 0.335669 0.461015 0 0
1.00793 0.336509 0.461015 0 0
1.00975 0.33735 0.461015 0 0
1.01157 0.33819 0.461015 0 0
1.01339 0.33903 0.461015 0 0
1.01522 0.33987 0.461015 0 0
1.01704 0.340711 0.461015 0 0
1.01886 0.341551 0.461015 0 0
1.02068 0.342391 0.461015 0 0
1.02251 0.343231 0.461015 0 0
1.02433 0.344072 0.461015 0 0
1.02615 0.344912 0.461015 0 0
1.02797 0.345752 0.461015 0 0
1.0298 0.346593 0.461015 0 0
1.03162 0.347433 0.461015 0 0
1.03344 0.348273 0.461015 0 0
1.03527 0.349113 0.461015 0 0
1.03709 0.349954 0.461015 0 0
1.03891 0.350794 0.461015 0 0
1.04073 0.351634 0.461015 0 0
1.04256 0.352474 0.461015 0 0
1.04438 0.353315 0.461015 0 0
1.0462 0.354155 0.461015 0 0
1.04802 0.354995 0.461015 0 0
1.04985 0.355835 0.461015 0 0
1.05167 0.356676 0.461015 0 0
1.05349 0.357516 0.461015 0 0
1.05531 0.358356 0.461015 0 0
1.05714 0.359197 0.461015 0 0
1.05896 0.360037 0.461015 0 0
1.06078 0.360877 0.461015 0 0
1.06261 0.361717 0.461015 0 0
1.06443 0.362558 0.461015 0 0
1.06625 0.363398 0.461015 0 0
1.06807 0.364238 0.461015 0 0
1.0699 0.365078 0.461015 0 0
1.07172 0.365919 0.461015 0 0
1.07354 0.366759 0.461015 0 0
1.07536 0.367599 0.461015 0 0
1.07719 0.368439 0.461015 0 0
1.07901 0.36928 0.461015 0 0
1.08083 0.37012 0.461015 0 0
1.08265 0.37096 0.461015 0 0
1.08448 0.371801 0.461015 0 0
1.0863 0.372641 0.461015 0 0
1.08812 0.373481 0.461015 0 0
1.08994 0.374321 0.461015 0 0
1.09177 0.375162 0.461015 0 0
1.09359 0.376002 0.461015 0 0
1.09541 0.376842 0.461015 0 0
1.09724 0.377682 0.461015 0 0
1.09906 0.378523 0.461015 0 0
1.10088 0.379363 0.461015 0 0
1.1027 0.380203 0.461015 0 0
1.10453 0.381044 0.461015 0 0
1.10635 0.381884 0.461015 0 0
1.10817 0.382724 0.461015 0 0
1.10999 0.383564 0.461015 0 0
1.11182 0.384405 0.461015 0 0
1.11364 0.385245 0.461015 0 0
1.11546 0.386085 0.461015 0 0
1.11728 0.386925 0.461015 0 0
1.11911 0.387766 0.461015 0 0
1.12093 0.388606 0.461015 0 0
1.12275 0.389446 0.461015 0 0
1.12458 0.390286 0.461015 0 0
1.1264 0.391127 0.461015 0 0
1.12822 0.391967 0.461015 0 0
1.13004 0.392807 0.461015 0 0
1.13187 0.393648 0.461015 0 0
1.13369 0.394488 0.461015 0 0
1.13551 0.395328 0.461015 0 0
1.13733 0.396168 0.461015 0 0
1.13916 0.397009 0.461015 0 0
1.14098 0.397849 0.461015 0 0
1.1428 0.398689 0.461015 0 0
1.14462 0.399529 0.461015 0 0
1.14645 0.40037 0.461015 0 0
1.14827 0.40121 0.461015 0 0
1.15009 0.40205 0.461015 0 0
1.15192 0.402891 0.461015 0 0
1.15374 0.403731 0.461015 0 0
1.15556 0.404571 0.461015 0 0
1.15738 0.405411 0.461015 0 0
1.15921 0.406252 0.461015 0 0
1.16103 0.407092 0.461015 0 0
1.16285 0.407932 0.461015 0 0
1.16467 0.408772 0.461015 0 0
1.1665 0.409613 0.461015 0 0
1.16832 0.410453 0.461015 0 0
1.17014 0.411293 0.461015 0 0
1.17196 0.412133 0.461015 0 0
1.17379 0.412974 0.461015 0 0
1.17561 0.413814 0.461015 0 0
1.17743 0.414654 0.461015 0 0
1.17925 0.415495 0.461015 0 0
1.18108 0.416335 0.461015 0 0
1.1829 0.417175 0.461015 0 0
1.18472 0.418015 0.461015 0 0
1.18655 0.418856 0.461015 0 0
1.18837 0.419696 0.461015 0 0
1.19019 0.420536 0.461015 0 0
1.19201 0.421376 0.461015 0 0
1.19384 0.422217 0.461015 0 0
1.19566 0.423057 0.461015 0 0
1.19748 0.423897 0.461015 0 0
1.1993 0.424737 0.461015 0 0
1.20113 0.425578 0.461015 0 0
1.20295 0.426418 0.461015 0 0
1.20477 0.427258 0.461015 0 0
1.20659 0.428099 0.461015 0 0
1.20842 0.428939 0.461015 0 0
1.21024 0.429779 0.461015 0 0
1.21206 0.430619 0.461015 0 0
1.21389 0.43146 0.461015 0 0
1.21571 0.4323 0.461015 0 0
1.21753 0.43314 0.461015 0 0
1.21935 0.43398 0.461015 0 0
1.22118 0.434821 0.461015 0 0
1.223 0.435661 0.461015 0 0
1.22482 0.436501 0.461015 0 0
1.22664 0.437342 0.461015 0 0
1.22847 0.438182 0.461015 0 0
1.23029 0.439022 0.461015 0 0
1.23211 0.439862 0.461015 0 0
1.23393 0.440703 0.461015 0 0
1.23576 0.441543 0.461015 0 0
1.23758 0.442383 0.461015 0 0
1.2394 0.443223 0.461015 0 0
1.24122 0.444064 0.461015 0 0
1.24305 0.444904 0.461015 0 0
1.24487 0.445744 0.461015 0 0
1.24669 0.446584 0.461015 0 0
1.24852 0.447425 0.461015 0 0
1.25034 0.448265 0.461015 0 0
1.25216 0.449105 0.461015 0 0
1.25398 0.449946 0.461015 0 0
1.25581 0.450786 0.461015 0 0
1.25763 0.451626 0.461015 0 0
1.25945 0.452466 0.461015 0 0
1.26127 0.453307 0.461015 0 0
1.2631 0.454147 0.461015 0 0
1.26492 0.454987 0.461015 0 0
1.26674 0.455827 0.461015 0 0
1.26856 0.456668 0.461015 0 0
1.27039 0.457508 0.461015 0 0
1.27221 0.458348 0.461015 0 0
1.27403 0.459188 0.461015 0 0
1.27586 0.460029 0.461015 0 0
1.27768 0.460869 0.461015 0 0
1.2795 0.461709 0.461015 0 0
1.28132 0.46255 0.461015 0 0
1.28315 0.46339 0.461015 0 0
1.28497 0.46423 0.461015 0 0
1.28679 0.46507 0.461015 0 0
1.28861 0.465911 0.461015 0 0
1.29044 0.466751 0.461015 0 0
1.29226 0.467591 0.461015 0 0
1.29408 0.468431 0.461015 0 0
1.2959 0.469272 0.461015 0 0
1.29773 0.470112 0.461015 0 0
1.29955 0.470952 0.461015 0 0
1.30137 0.471793 0.461015 0 0
1.3032 0.472633 0.461015 0 0
1.30502 0.473473 0.461015 0 0
1.30684 0.474313 0.461015 0 0
1.30866 0.475154 0.461015 0 0
1.31049 0.475994 0.461015 0 0
1.31231 0.476834 0.461015 0 0
1.31413 0.477674 0.461015 0 0
1.31595 0.478515 0.461015 0 0
1.31778 0.479355 0.461015 0 0
1.3196 0.480195 0.461015 0 0
1.32142 0.481035 0.461015 0 0
1.32324 0.481876 0.461015 0 0
1.32507 0.482716 0.461015 0 0
1.32689 0.483556 0.461015 0 0
1.32871 0.484397 0.461015 0 0
1.33053 0.485237 0.461015 0 0
1.33236 0.486077 0.461015 0 0
1.33418 0.486917 0.461015 0 0
1.336 0.487758 0.461015 0 0
1.33783 0.488598 0.461015 0 0
1.33965 0.489438 0.461015 0 0
1.34147 0.490278 0.461015 0 0
1.34329 0.491119 0.461015 0 0
1.34512 0.491959 0.461015 0 0
1.34694 0.492799 0.461015 0 0
1.34876 0.49364 0.461015 0 0
1.35058 0.49448 0.461015 0 0
1.35241 0.49532 0.461015 0 0
1.35423 0.49616 0.461015 0 0
1.35605 0.497001 0.461015 0 0
1.35787 0.497841 0.461015 0 0
1.3597 0.498681 0.461015 0 0
1.36152 0.499521 0.461015 0 0
1.36334 0.500362 0.461015 0 0
1.36517 0.501202 0.461015 0 0
1.36699 0.502042 0.461015 0 0
1.36881 0.502882 0.461015 0 0
1.37063 0.503723 0.461015 0 0
1.37246 0.504563 0.461015 0 0
1.37428 0.505403 0.461015 0 0
1.3761 0.506244 0.461015 0 0
1.37792 0.507084 0.461015 0 0
1.37975 0.507924 0.461015 0 0
1.38157 0.508764 0.461015 0 0
1.38339 0.509605 0.461015 0 0
1.38521 0.510445 0.461015 0 0
1.38704 0.511285 0.461015 0 0
1.38886 0.512125 0.461015 0 0
1.39068 0.512966 0.461015 0 0
1.3925 0.513806 0.461015 0 0
1.39433 0.514646 0.461015 0 0
1.39615 0.515486 0.461015 0 0
1.39797 0.516327 0.461015 0 0
1.3998 0.517167 0.461015 0 0
1.40162 0.518007 0.461015 0 0
1.40344 0.518848 0.461015 0 0
1.40526 0.519688 0.461015 0 0
1.40709 0.520528 0.461015 0 0
1.40891 0.521368 0.461015 0 0
1.41073 0.522209 0.461015 0 0
1.41255 0.523049 0.461015 0 0
1.41438 0.523889 0.461015 0 0
1.4162 0.524729 0.461015 0 0
1.41802 0.52557 0.461015 0 0
1.41984 0.52641 0.461015 0 0
1.42167 0.52725 0.461015 0 0
1.42349 0.528091 0.461015 0 0
1.42531 0.528931 0.461015 0 0
1.42714 0.529771 0.461015 0 0
1.42896 0.530611 0.461015 0 0
1.43078 0.531452 0.461015 0 0
1.4326 0.532292 0.461015 0 0
1.43443 0.533132 0.461015 0 0
1.43625 0.533972 0.461015 0 0
1.43807 0.534813 0.461015 0 0
1.43989 0.535653 0.461015 0 0
1.44172 0.536493 0.461015 0 0
1.44354 0.537333 0.461015 0 0
1.44536 0.538174 0.461015 0 0
1.44718 0.539014 0.461015 0 0
1.44901 0.539854 0.461015 0 0
1.45083 0.540695 0.461015 0 0
1.45265 0.541535 0.461015 0 0
1.45448 0.542375 0.461015 0 0
1.4563 0.543215 0.461015 0 0
1.45812 0.544056 0.461015 0 0
1.45994 0.544896 0.461015 0 0
1.46177 0.545736 0.461015 0 0
1.46359 0.546576 0.461015 0 0
1.46541 0.547417 0.461015 0 0
1.46723 0.548257 0.461015 0 0
1.46906 0.549097 0.461015 0 0
1.47088 0.549938 0.461015 0 0
1.4727 0.550778 0.461015 0 0
1.47452 0.551618 0.461015 0 0
1.47635 0.552458 0.461015 0 0
1.47817 0.553299 0.461015 0 0
1.47999 0.554139 0.461015 0 0
1.48181 0.554979 0.461015 0 0
1.48364 0.555819 0.461015 0 0
1.48546 0.55666 0.461015 0 0
1.48728 0.5575 0.461015 0 0
1.48911 0.55834 0.461015 0 0
1.49093 0.55918 0.461015 0 0
1.49275 0.560021 0.461015 0 0
1.49457 0.560861 0.461015 0 0
1.4964 0.561701 0.461015 0 0
1.49822 0.562542 0.461015 0 0
1.50004 0.563382 0.461015 0 0
1.50186 0.564222 0.461015 0 0
1.50369 0.565062 0.461015 0 0
1.50551 0.565903 0.461015 0 0
1.50733 0.566743 0.461015 0 0
1.50915 0.567583 0.461015 0 0
1.51098 0.568423 0.461015 0 0
1.5128 0.569264 0.461015 0 0
1.51462 0.570104 0.461015 0 0
1.51645 0.570944 0.461015 0 0
1.51827 0.571784 0.461015 0 0
1.52009 0.572625 0.461015 0 0
1.52191 0.573465 0.461015 0 0
1.52374 0.574305 0.461015 0 0
1.52556 0.575146 0.461015 0 0
1.52738 0.575986 0.461015 0 0
1.5292 0.576826 0.461015 0 0
1.53103 0.577666 0.461015 0 0
1.53285 0.578507 0.461015 0 0
1.53467 0.579347 0.461015 0 0
1.53649 0.580187 0.461015 0 0
1.53832 0.581027 0.461015 0 0
1.54014 0.581868 0.461015 0 0
1.54196 0.582708 0.461015 0 0
1.54378 0.583548 0.461015 0 0
1.54561 0.584389 0.461015 0 0
1.54743 0.585229 0.461015 0 0
1.54925 0.586069 0.461015 0 0
1.55108 0.586909 0.461015 0 0
1.5529 0.58775 0.461015 0 0
1.55472 0.58859 0.461015 0 0
1.55654 0.58943 0.461015 0 0
1.55837 0.59027 0.461015 0 0
1.56019 0.591111 0.461015 0 0
1.56201 0.591951 0.461015 0 0
1.56383 0.592791 0.461015 0 0
1.56566 0.593631 0.461015 0 0
1.56748 0.594472 0.461015 0 0
1.5693 0.595312 0.461015 0 0
1.57112 0.596152 0.461015 0 0
1.57295 0.596993 0.461015 0 0
1.57477 0.597833 0.461015 0 0
1.57659 0.598673 0.461015 0 0
1.57842 0.599513 0.461015 0 0
1.58024 0.600354 0.461015 0 0
1.58206 0.601194 0.461015 0 0
1.58388 0.602034 0.461015 0 0
1.58571 0.602874 0.461015 0 0
1.58753 0.603715 0.461015 0 0
1.58935 0.604555 0.461015 0 0
1.59117 0.605395 0.461015 0 0
1.593 0.606235 0.461015 0 0
1.59482 0.607076 0.461015 0 0
1.59664 0.607916 0.461015 0 0
1.59846 0.608756 0.461015 0 0
1.60029 0.609597 0.461015 0 0
1.60211 0.610437 0.461015 0 0
1.60393 0.611277 0.461015 0 0
1.60576 0.612117 0.461015 0 0
1.60758 0.612958 0.461015 0 0
1.6094 0.613798 0.461015 0 0
1.61122 0.614638 0.461015 0 0
1.61305 0.615478 0.461015 0 0
1.61487 0.616319 0.461015 0 0
1.61669 0.617159 0.461015 0 0
1.61851 0.617999 0.461015 0 0
1.62034 0.61884 0.461015 0 0
1.62216 0.61968 0.461015 0 0
1.62398 0.62052 0.461015 0 0
1.6258 0.62136 0.461015 0 0
1.62763 0.622201 0.461015 0 0
1.62945 0.623041 0.461015 0 0
1.63127 0.623881 0.461015 0 0
1.63309 0.624721 0.461015 0 0
1.63492 0.625562 0.461015 0 0
1.63674 0.626402 0.461015 0 0
1.63856 0.627242 0.461015 0 0
1.64039 0.628082 0.461015 0 0
1.64221 0.628923 0.461015 0 0
1.64403 0.629763 0.461015 0 0
1.64585 0.630603 0.461015 0 0
1.64768 0.631444 0.461015 0 0
1.6495 0.632284 0.461015 0 0
1.65132 0.633124 0.461015 0 0
1.65314 0.633964 0.461015 0 0
1.65497 0.634805 0.461015 0 0
1.65679 0.635645 0.461015 0 0
1.65861 0.636485 0.461015 0 0
1.66043 0.637325 0.461015 0 0
1.66226 0.638166 0.461015 0 0
1.66408 0.639006 0.461015 0 0
1.6659 0.639846 0.461015 0 0
1.66773 0.640687 0.461015 0 0
1.66955 0.641527 0.461015 0 0
1.67137 0.642367 0.461015 0 0
1.67319 0.643207 0.461015 0 0
1.67502 0.644048 0.461015 0 0
1.67684 0.644888 0.461015 0 0
1.67866 0.645728 0.461015 0 0
1.68048 0.646568 0.461015 0 0
1.68231 0.647409 0.461015 0 0
1.68413 0.648249 0.461015 0 0
1.68595 0.649089 0.461015 0 0
1.68777 0.649929 0.461015 0 0
1.6896 0.65077 0.461015 0 0
1.69142 0.65161 0.461015 0 0
1.69324 0.65245 0.461015 0 0
1.69506 0.653291 0.461015 0 0
1.69689 0.654131 0.461015 0 0
1.69871 0.654971 0.461015 0 0
1.70053 0.655811 0.461015 0 0
1.70236 0.656652 0.461015 0 0
1.70418 0.657492 0.461015 0 0
1.706 0.658332 0.461015 0 0
1.70782 0.659172 0.461015 0 0
1.70965 0.660013 0.461015 0 0
1.71147 0.660853 0.461015 0 0
1.71329 0.661693 0.461015 0 0
1.71511 0.662533 0.461015 0 0
1.71694 0.663374 0.461015 0 0
1.71876 0.664214 0.461015 0 0
1.72058 0.665054 0.461015 0 0
1.7224 0.665895 0.461015 0 0
1.72423 0.666735 0.461015 0 0
1.72605 0.667575 0.461015 0 0
1.72787 0.668415 0.461015 0 0
1.7297 0.669256 0.461015 0 0
1.73152 0.670096 0.461015 0 0
1.73334 0.670936 0.461015 0 0
1.73516 0.671776 0.461015 0 0
1.73699 0.672617 0.461015 0 0
1.73881 0.673457 0.461015 0 0
1.74063 0.674297 0.461015 0 0
1.74245 0.675138 0.461015 0 0
1.74428 0.675978 0.461015 0 0
1.7461 0.676818 0.461015 0 0
1.74792 0.677658 0.461015 0 0
1.74974 0.678499 0.461015 0 0
1.75157 0.679339 0.461015 0 0
1.75339 0.680179 0.461015 0 0
1.75521 0.681019 0.461015 0 0
1.75703 0.68186 0.461015 0 0
1.75886 0.6827 0.461015 0 0
1.76068 0.68354 0.461015 0 0
1.7625 0.68438 0.461015 0 0
1.76433 0.685221 0.461015 0 0
1.76615 0.686061 0.461015 0 0
1.76797 0.686901 0.461015 0 0
1.76979 0.687742 0.461015 0 0
1.77162 0.688582 0.461015 0 0
1.77344 0.689422 0.461015 0 0
1.77526 0.690262 0.461015 0 0
1.77708 0.691103 0.461015 0 0
1.77891 0.691943 0.461015 0 0
1.78073 0.692783 0.461015 0 0
1.78255 0.693623 0.461015 0 0
1.78437 0.694464 0.461015 0 0
1.7862 0.695304 0.461015 0 0
1.78802 0.696144 0.461015 0 0
1.78984 0.696985 0.461015 0 0
1.79167 0.697825 0.461015 0 0
1.79349 0.698665 0.461015 0 0
1.79531 0.699505 0.461015 0 0
1.79713 0.700346 0.461015 0 0
1.79896 0.701186 0.461015 0 0
1.80078 0.702026 0.461015 0 0
1.8026 0.702866 0.461015 0 0
1.80442 0.703707 0.461015 0 0
1.80625 0.704547 0.461015 0 0
1.80807 0.705387 0.461015 0 0
1.80989 0.706227 0.461015 0 0
1.81171 0.707068 0.461015 0 0
1.81354 0.707908 0.461015 0 0
1.81536 0.708748 0.461015 0 0
1.81718 0.709589 0.461015 0 0
1.81901 0.710429 0.461015 0 0
1.82083 0.711269 0.461015 0 0
1.82265 0.712109 0.461015 0 0
