% Flood Neural Network. Car problem results data file.
% Final time: 1.99597
% Final position error: 0.00499463
% Final velocity error: -0.00502297
% Column data:
%  1 - Time
%  2 - Position
%  3 - Velocity
%  4 - Acceleration
%  5 - Deceleration
0 0 0 1 0
0.00199597 1.99195e-006 0.00199597 1 0
0.00399194 7.9678e-006 0.00399194 1 0
0.00598791 1.79275e-005 0.00598791 1 0
0.00798388 3.18712e-005 0.00798388 1 0
0.00997985 4.97987e-005 0.00997985 1 0
0.0119758 7.17102e-005 0.0119758 1 0
0.0139718 9.76055e-005 0.0139718 1 0
0.0159678 0.000127485 0.0159678 1 0
0.0179637 0.000161348 0.0179637 1 0
0.0199597 0.000199195 0.0199597 1 0
0.0219557 0.000241026 0.0219557 1 0
0.0239516 0.000286841 0.0239516 1 0
0.0259476 0.000336639 0.0259476 1 0
0.0279436 0.000390422 0.0279436 1 0
0.0299396 0.000448189 0.0299396 1 0
0.0319355 0.000509939 0.0319355 1 0
0.0339315 0.000575673 0.0339315 1 0
0.0359275 0.000645392 0.0359275 1 0
0.0379234 0.000719094 0.0379234 1 0
0.0399194 0.00079678 0.0399194 1 0
0.0419154 0.00087845 0.0419154 1 0
0.0439114 0.000964103 0.0439114 1 0
0.0459073 0.00105374 0.0459073 1 0
0.0479033 0.00114736 0.0479033 1 0
0.0498993 0.00124497 0.0498993 1 0
0.0518952 0.00134656 0.0518952 1 0
0.0538912 0.00145213 0.0538912 1 0
0.0558872 0.00156169 0.0558872 1 0
0.0578831 0.00167523 0.0578831 1 0
0.0598791 0.00179275 0.0598791 1 0
0.0618751 0.00191426 0.0618751 1 0
0.0638711 0.00203976 0.0638711 1 0
0.065867 0.00216923 0.065867 1 0
0.067863 0.00230269 0.067863 1 0
0.069859 0.00244014 0.069859 1 0
0.0718549 0.00258157 0.0718549 1 0
0.0738509 0.00272698 0.0738509 1 0
0.0758469 0.00287637 0.0758469 1 0
0.0778428 0.00302975 0.0778428 1 0
0.0798388 0.00318712 0.0798388 1 0
0.0818348 0.00334847 0.0818348 1 0
0.0838308 0.0035138 0.0838308 1 0
0.0858267 0.00368311 0.0858267 1 0
0.0878227 0.00385641 0.0878227 1 0
0.0898187 0.0040337 0.0898187 1 0
0.0918146 0.00421496 0.0918146 1 0
0.0938106 0.00440022 0.0938106 1 0
0.0958066 0.00458945 0.0958066 1 0
0.0978026 0.00478267 0.0978026 1 0
0.0997985 0.00497987 0.0997985 1 0
0.101794 0.00518106 0.101794 1 0
0.10379 0.00538623 0.10379 1 0
0.105786 0.00559539 0.105786 1 0
0.107782 0.00580852 0.107782 1 0
0.109778 0.00602565 0.109778 1 0
0.111774 0.00624675 0.111774 1 0
0.11377 0.00647184 0.11377 1 0
0.115766 0.00670092 0.115766 1 0
0.117762 0.00693397 0.117762 1 0
0.119758 0.00717102 0.119758 1 0
0.121754 0.00741204 0.121754 1 0
0.12375 0.00765705 0.12375 1 0
0.125746 0.00790605 0.125746 1 0
0.127742 0.00815902 0.127742 1 0
0.129738 0.00841598 0.129738 1 0
0.131734 0.00867693 0.131734 1 0
0.13373 0.00894186 0.13373 1 0
0.135726 0.00921077 0.135726 1 0
0.137722 0.00948367 0.137722 1 0
0.139718 0.00976055 0.139718 1 0
0.141714 0.0100414 0.141714 1 0
0.14371 0.0103263 0.14371 1 0
0.145706 0.0106151 0.145706 1 0
0.147702 0.0109079 0.147702 1 0
0.149698 0.0112047 0.149698 1 0
0.151694 0.0115055 0.151694 1 0
0.15369 0.0118103 0.15369 1 0
0.155686 0.012119 0.155686 1 0
0.157682 0.0124318 0.157682 1 0
0.159678 0.0127485 0.159678 1 0
0.161674 0.0130692 0.161674 1 0
0.16367 0.0133939 0.16367 1 0
0.165666 0.0137225 0.165666 1 0
0.167662 0.0140552 0.167662 1 0
0.169657 0.0143918 0.169657 1 0
0.171653 0.0147325 0.171653 1 0
0.173649 0.0150771 0.173649 1 0
0.175645 0.0154257 0.175645 1 0
0.177641 0.0157782 0.177641 1 0
0.179637 0.0161348 0.179637 1 0
0.181633 0.0164953 0.181633 1 0
0.183629 0.0168599 0.183629 1 0
0.185625 0.0172284 0.185625 1 0
0.187621 0.0176009 0.187621 1 0
0.189617 0.0179773 0.189617 1 0
0.191613 0.0183578 0.191613 1 0
0.193609 0.0187422 0.193609 1 0
0.195605 0.0191307 0.195605 1 0
0.197601 0.0195231 0.197601 1 0
0.199597 0.0199195 0.199597 1 0
0.201593 0.0203199 0.201593 1 0
0.203589 0.0207242 0.203589 1 0
0.205585 0.0211326 0.205585 1 0
0.207581 0.0215449 0.207581 1 0
0.209577 0.0219612 0.209577 1 0
0.211573 0.0223815 0.211573 1 0
0.213569 0.0228058 0.213569 1 0
0.215565 0.0232341 0.215565 1 0
0.217561 0.0236663 0.217561 1 0
0.219557 0.0241026 0.219557 1 0
0.221553 0.0245428 0.221553 1 0
0.223549 0.024987 0.223549 1 0
0.225545 0.0254352 0.225545 1 0
0.227541 0.0258874 0.227541 1 0
0.229537 0.0263435 0.229537 1 0
0.231533 0.0268037 0.231533 1 0
0.233529 0.0272678 0.233529 1 0
0.235525 0.0277359 0.235525 1 0
0.23752 0.028208 0.23752 1 0
0.239516 0.0286841 0.239516 1 0
0.241512 0.0291641 0.241512 1 0
0.243508 0.0296482 0.243508 1 0
0.245504 0.0301362 0.245504 1 0
0.2475 0.0306282 0.2475 1 0
0.249496 0.0311242 0.249496 1 0
0.251492 0.0316242 0.251492 1 0
0.253488 0.0321281 0.253488 1 0
0.255484 0.0326361 0.255484 1 0
0.25748 0.033148 0.25748 1 0
0.259476 0.0336639 0.259476 1 0
0.261472 0.0341838 0.261472 1 0
0.263468 0.0347077 0.263468 1 0
0.265464 0.0352356 0.265464 1 0
0.26746 0.0357674 0.26746 1 0
0.269456 0.0363033 0.269456 1 0
0.271452 0.0368431 0.271452 1 0
0.273448 0.0373869 0.273448 1 0
0.275444 0.0379347 0.275444 1 0
0.27744 0.0384864 0.27744 1 0
0.279436 0.0390422 0.279436 1 0
0.281432 0.0396019 0.281432 1 0
0.283428 0.0401657 0.283428 1 0
0.285424 0.0407334 0.285424 1 0
0.28742 0.0413051 0.28742 1 0
0.289416 0.0418807 0.289416 1 0
0.291412 0.0424604 0.291412 1 0
0.293408 0.043044 0.293408 1 0
0.295404 0.0436317 0.295404 1 0
0.2974 0.0442233 0.2974 1 0
0.299396 0.0448189 0.299396 1 0
0.301392 0.0454184 0.301392 1 0
0.303388 0.046022 0.303388 1 0
0.305383 0.0466295 0.305383 1 0
0.307379 0.0472411 0.307379 1 0
0.309375 0.0478566 0.309375 1 0
0.311371 0.0484761 0.311371 1 0
0.313367 0.0490996 0.313367 1 0
0.315363 0.049727 0.315363 1 0
0.317359 0.0503585 0.317359 1 0
0.319355 0.0509939 0.319355 1 0
0.321351 0.0516333 0.321351 1 0
0.323347 0.0522767 0.323347 1 0
0.325343 0.0529241 0.325343 1 0
0.327339 0.0535755 0.327339 1 0
0.329335 0.0542308 0.329335 1 0
0.331331 0.0548901 0.331331 1 0
0.333327 0.0555535 0.333327 1 0
0.335323 0.0562208 0.335323 1 0
0.337319 0.0568921 0.337319 1 0
0.339315 0.0575673 0.339315 1 0
0.341311 0.0582466 0.341311 1 0
0.343307 0.0589298 0.343307 1 0
0.345303 0.059617 0.345303 1 0
0.347299 0.0603083 0.347299 1 0
0.349295 0.0610034 0.349295 1 0
0.351291 0.0617026 0.351291 1 0
0.353287 0.0624058 0.353287 1 0
0.355283 0.0631129 0.355283 1 0
0.357279 0.063824 0.357279 1 0
0.359275 0.0645392 0.359275 1 0
0.361271 0.0652582 0.361271 1 0
0.363267 0.0659813 0.363267 1 0
0.365263 0.0667084 0.365263 1 0
0.367259 0.0674394 0.367259 1 0
0.369255 0.0681745 0.369255 1 0
0.371251 0.0689135 0.371251 1 0
0.373246 0.0696565 0.373246 1 0
0.375242 0.0704034 0.375242 1 0
0.377238 0.0711544 0.377238 1 0
0.379234 0.0719094 0.379234 1 0
0.38123 0.0726683 0.38123 1 0
0.383226 0.0734312 0.383226 1 0
0.385222 0.0741981 0.385222 1 0
0.387218 0.074969 0.387218 1 0
0.389214 0.0757439 0.389214 1 0
0.39121 0.0765227 0.39121 1 0
0.393206 0.0773056 0.393206 1 0
0.395202 0.0780924 0.395202 1 0
0.397198 0.0788832 0.397198 1 0
0.399194 0.079678 0.399194 1 0
0.40119 0.0804767 0.40119 1 0
0.403186 0.0812795 0.403186 1 0
0.405182 0.0820862 0.405182 1 0
0.407178 0.082897 0.407178 1 0
0.409174 0.0837117 0.409174 1 0
0.41117 0.0845304 0.41117 1 0
0.413166 0.085353 0.413166 1 0
0.415162 0.0861797 0.415162 1 0
0.417158 0.0870103 0.417158 1 0
0.419154 0.087845 0.419154 1 0
0.42115 0.0886836 0.42115 1 0
0.423146 0.0895262 0.423146 1 0
0.425142 0.0903727 0.425142 1 0
0.427138 0.0912233 0.427138 1 0
0.429134 0.0920778 0.429134 1 0
0.43113 0.0929364 0.43113 1 0
0.433126 0.0937989 0.433126 1 0
0.435122 0.0946654 0.435122 1 0
0.437118 0.0955359 0.437118 1 0
0.439114 0.0964103 0.439114 1 0
0.441109 0.0972888 0.441109 1 0
0.443105 0.0981712 0.443105 1 0
0.445101 0.0990576 0.445101 1 0
0.447097 0.099948 0.447097 1 0
0.449093 0.100842 0.449093 1 0
0.451089 0.101741 0.451089 1 0
0.453085 0.102643 0.453085 1 0
0.455081 0.103549 0.455081 1 0
0.457077 0.10446 0.457077 1 0
0.459073 0.105374 0.459073 1 0
0.461069 0.106292 0.461069 1 0
0.463065 0.107215 0.463065 1 0
0.465061 0.108141 0.465061 1 0
0.467057 0.109071 0.467057 1 0
0.469053 0.110005 0.469053 1 0
0.471049 0.110944 0.471049 1 0
0.473045 0.111886 0.473045 1 0
0.475041 0.112832 0.475041 1 0
0.477037 0.113782 0.477037 1 0
0.479033 0.114736 0.479033 1 0
0.481029 0.115694 0.481029 1 0
0.483025 0.116657 0.483025 1 0
0.485021 0.117623 0.485021 1 0
0.487017 0.118593 0.487017 1 0
0.489013 0.119567 0.489013 1 0
0.491009 0.120545 0.491009 1 0
0.493005 0.121527 0.493005 1 0
0.495001 0.122513 0.495001 1 0
0.496997 0.123503 0.496997 1 0
0.498993 0.124497 0.498993 1 0
0.500989 0.125495 0.500989 1 0
0.502985 0.126497 0.502985 1 0
0.504981 0.127503 0.504981 1 0
0.506977 0.128513 0.506977 1 0
0.508972 0.129526 0.508972 1 0
0.510968 0.130544 0.510968 1 0
0.512964 0.131566 0.512964 1 0
0.51496 0.132592 0.51496 1 0
0.516956 0.133622 0.516956 1 0
0.518952 0.134656 0.518952 1 0
0.520948 0.135694 0.520948 1 0
0.522944 0.136735 0.522944 1 0
0.52494 0.137781 0.52494 1 0
0.526936 0.138831 0.526936 1 0
0.528932 0.139885 0.528932 1 0
0.530928 0.140942 0.530928 1 0
0.532924 0.142004 0.532924 1 0
0.53492 0.14307 0.53492 1 0
0.536916 0.144139 0.536916 1 0
0.538912 0.145213 0.538912 1 0
0.540908 0.146291 0.540908 1 0
0.542904 0.147372 0.542904 1 0
0.5449 0.148458 0.5449 1 0
0.546896 0.149548 0.546896 1 0
0.548892 0.150641 0.548892 1 0
0.550888 0.151739 0.550888 1 0
0.552884 0.15284 0.552884 1 0
0.55488 0.153946 0.55488 1 0
0.556876 0.155055 0.556876 1 0
0.558872 0.156169 0.558872 1 0
0.560868 0.157286 0.560868 1 0
0.562864 0.158408 0.562864 1 0
0.56486 0.159533 0.56486 1 0
0.566856 0.160663 0.566856 1 0
0.568852 0.161796 0.568852 1 0
0.570848 0.162933 0.570848 1 0
0.572844 0.164075 0.572844 1 0
0.57484 0.16522 0.57484 1 0
0.576835 0.16637 0.576835 1 0
0.578831 0.167523 0.578831 1 0
0.580827 0.16868 0.580827 1 0
0.582823 0.169842 0.582823 1 0
0.584819 0.171007 0.584819 1 0
0.586815 0.172176 0.586815 1 0
0.588811 0.173349 0.588811 1 0
0.590807 0.174527 0.590807 1 0
0.592803 0.175708 0.592803 1 0
0.594799 0.176893 0.594799 1 0
0.596795 0.178082 0.596795 1 0
0.598791 0.179275 0.598791 1 0
0.600787 0.180473 0.600787 1 0
0.602783 0.181674 0.602783 1 0
0.604779 0.182879 0.604779 1 0
0.606775 0.184088 0.606775 1 0
0.608771 0.185301 0.608771 1 0
0.610767 0.186518 0.610767 1 0
0.612763 0.187739 0.612763 1 0
0.614759 0.188964 0.614759 1 0
0.616755 0.190193 0.616755 1 0
0.618751 0.191426 0.618751 1 0
0.620747 0.192663 0.620747 1 0
0.622743 0.193904 0.622743 1 0
0.624739 0.195149 0.624739 1 0
0.626735 0.196398 0.626735 1 0
0.628731 0.197651 0.628731 1 0
0.630727 0.198908 0.630727 1 0
0.632723 0.200169 0.632723 1 0
0.634719 0.201434 0.634719 1 0
0.636715 0.202703 0.636715 1 0
0.638711 0.203976 0.638711 1 0
0.640707 0.205252 0.640707 1 0
0.642702 0.206533 0.642702 1 0
0.644698 0.207818 0.644698 1 0
0.646694 0.209107 0.646694 1 0
0.64869 0.2104 0.64869 1 0
0.650686 0.211696 0.650686 1 0
0.652682 0.212997 0.652682 1 0
0.654678 0.214302 0.654678 1 0
0.656674 0.215611 0.656674 1 0
0.65867 0.216923 0.65867 1 0
0.660666 0.21824 0.660666 1 0
0.662662 0.219561 0.662662 1 0
0.664658 0.220885 0.664658 1 0
0.666654 0.222214 0.666654 1 0
0.66865 0.223546 0.66865 1 0
0.670646 0.224883 0.670646 1 0
0.672642 0.226224 0.672642 1 0
0.674638 0.227568 0.674638 1 0
0.676634 0.228917 0.676634 1 0
0.67863 0.230269 0.67863 1 0
0.680626 0.231626 0.680626 1 0
0.682622 0.232986 0.682622 1 0
0.684618 0.234351 0.684618 1 0
0.686614 0.235719 0.686614 1 0
0.68861 0.237092 0.68861 1 0
0.690606 0.238468 0.690606 1 0
0.692602 0.239849 0.692602 1 0
0.694598 0.241233 0.694598 1 0
0.696594 0.242621 0.696594 1 0
0.69859 0.244014 0.69859 1 0
0.700586 0.24541 0.700586 1 0
0.702582 0.24681 0.702582 1 0
0.704578 0.248215 0.704578 1 0
0.706574 0.249623 0.706574 1 0
0.70857 0.251035 0.70857 1 0
0.710565 0.252452 0.710565 1 0
0.712561 0.253872 0.712561 1 0
0.714557 0.255296 0.714557 1 0
0.716553 0.256724 0.716553 1 0
0.718549 0.258157 0.718549 1 0
0.720545 0.259593 0.720545 1 0
0.722541 0.261033 0.722541 1 0
0.724537 0.262477 0.724537 1 0
0.726533 0.263925 0.726533 1 0
0.728529 0.265377 0.728529 1 0
0.730525 0.266834 0.730525 1 0
0.732521 0.268294 0.732521 1 0
0.734517 0.269758 0.734517 1 0
0.736513 0.271226 0.736513 1 0
0.738509 0.272698 0.738509 1 0
0.740505 0.274174 0.740505 1 0
0.742501 0.275654 0.742501 1 0
0.744497 0.277138 0.744497 1 0
0.746493 0.278626 0.746493 1 0
0.748489 0.280118 0.748489 1 0
0.750485 0.281614 0.750485 1 0
0.752481 0.283114 0.752481 1 0
0.754477 0.284618 0.754477 1 0
0.756473 0.286126 0.756473 1 0
0.758469 0.287637 0.758469 1 0
0.760465 0.289153 0.760465 1 0
0.762461 0.290673 0.762461 1 0
0.764457 0.292197 0.764457 1 0
0.766453 0.293725 0.766453 1 0
0.768449 0.295257 0.768449 1 0
0.770445 0.296792 0.770445 1 0
0.772441 0.298332 0.772441 1 0
0.774437 0.299876 0.774437 1 0
0.776433 0.301424 0.776433 1 0
0.778428 0.302975 0.778428 1 0
0.780424 0.304531 0.780424 1 0
0.78242 0.306091 0.78242 1 0
0.784416 0.307655 0.784416 1 0
0.786412 0.309222 0.786412 1 0
0.788408 0.310794 0.788408 1 0
0.790404 0.312369 0.790404 1 0
0.7924 0.313949 0.7924 1 0
0.794396 0.315533 0.794396 1 0
0.796392 0.31712 0.796392 1 0
0.798388 0.318712 0.798388 1 0
0.800384 0.320307 0.800384 1 0
0.80238 0.321907 0.80238 1 0
0.804376 0.32351 0.804376 1 0
0.806372 0.325118 0.806372 1 0
0.808368 0.326729 0.808368 1 0
0.810364 0.328345 0.810364 1 0
0.81236 0.329964 0.81236 1 0
0.814356 0.331588 0.814356 1 0
0.816352 0.333215 0.816352 1 0
0.818348 0.334847 0.818348 1 0
0.820344 0.336482 0.820344 1 0
0.82234 0.338121 0.82234 1 0
0.824336 0.339765 0.824336 1 0
0.826332 0.341412 0.826332 1 0
0.828328 0.343063 0.828328 1 0
0.830324 0.344719 0.830324 1 0
0.83232 0.346378 0.83232 1 0
0.834316 0.348041 0.834316 1 0
0.836312 0.349709 0.836312 1 0
0.838308 0.35138 0.838308 1 0
0.840304 0.353055 0.840304 1 0
0.8423 0.354734 0.8423 1 0
0.844296 0.356417 0.844296 1 0
0.846291 0.358105 0.846291 1 0
0.848287 0.359796 0.848287 1 0
0.850283 0.361491 0.850283 1 0
0.852279 0.36319 0.852279 1 0
0.854275 0.364893 0.854275 1 0
0.856271 0.3666 0.856271 1 0
0.858267 0.368311 0.858267 1 0
0.860263 0.370026 0.860263 1 0
0.862259 0.371746 0.862259 1 0
0.864255 0.373469 0.864255 1 0
0.866251 0.375196 0.866248 0.994737 0
0.868247 0.376927 0.868225 0.986921 0
0.870243 0.378661 0.870187 0.979103 0
0.872239 0.3804 0.872134 0.971283 0
0.874235 0.382143 0.874065 0.963461 0
0.876231 0.383889 0.875976 0.955637 -0.00535053
0.878227 0.38564 0.877857 0.947812 -0.0132197
0.880223 0.387394 0.879707 0.939986 -0.0210886
0.882219 0.389151 0.881526 0.932158 -0.0289571
0.884215 0.390913 0.883313 0.92433 -0.036825
0.886211 0.392678 0.885068 0.916501 -0.0446923
0.888207 0.394446 0.886793 0.908673 -0.0525587
0.890203 0.396218 0.888486 0.900844 -0.0604242
0.892199 0.397993 0.890148 0.893015 -0.0682886
0.894195 0.399771 0.891778 0.885187 -0.0761517
0.896191 0.401553 0.893377 0.877359 -0.0840135
0.898187 0.403337 0.894945 0.869532 -0.0918738
0.900183 0.405125 0.896482 0.861706 -0.0997324
0.902179 0.406916 0.897987 0.853882 -0.107589
0.904175 0.40871 0.899461 0.846059 -0.115444
0.906171 0.410507 0.900904 0.838238 -0.123297
0.908167 0.412306 0.902315 0.830419 -0.131148
0.910163 0.414109 0.903695 0.822603 -0.138996
0.912159 0.415914 0.905044 0.814788 -0.146842
0.914154 0.417721 0.906361 0.806977 -0.154686
0.91615 0.419532 0.907648 0.799168 -0.162526
0.918146 0.421345 0.908903 0.791363 -0.170364
0.920142 0.42316 0.910127 0.783561 -0.178199
0.922138 0.424978 0.911319 0.775763 -0.186031
0.924134 0.426798 0.912481 0.767969 -0.193859
0.92613 0.42862 0.913611 0.760178 -0.201684
0.928126 0.430445 0.91471 0.752392 -0.209506
0.930122 0.432272 0.915778 0.744611 -0.217324
0.932118 0.434101 0.916815 0.736834 -0.225138
0.934114 0.435932 0.917821 0.729063 -0.232948
0.93611 0.437765 0.918796 0.721296 -0.240754
0.938106 0.439599 0.919739 0.713535 -0.248556
0.940102 0.441436 0.920652 0.70578 -0.256353
0.942098 0.443275 0.921533 0.698031 -0.264146
0.944094 0.445115 0.922384 0.690287 -0.271935
0.94609 0.446957 0.923203 0.68255 -0.279719
0.948086 0.4488 0.923992 0.67482 -0.287498
0.950082 0.450645 0.92475 0.667096 -0.295272
0.952078 0.452492 0.925476 0.65938 -0.303041
0.954074 0.45434 0.926172 0.65167 -0.310804
0.95607 0.456189 0.926837 0.643968 -0.318562
0.958066 0.458039 0.927471 0.636274 -0.326315
0.960062 0.459891 0.928074 0.628587 -0.334062
0.962058 0.461744 0.928647 0.620909 -0.341804
0.964054 0.463598 0.929189 0.613239 -0.349539
0.96605 0.465453 0.9297 0.605577 -0.357269
0.968046 0.46731 0.93018 0.597924 -0.364993
0.970042 0.469167 0.930629 0.59028 -0.37271
0.972038 0.471025 0.931048 0.582645 -0.380421
0.974034 0.472883 0.931437 0.57502 -0.388125
0.97603 0.474743 0.931794 0.567403 -0.395823
0.978026 0.476603 0.932122 0.559797 -0.403514
0.980022 0.478464 0.932418 0.552201 -0.411198
0.982017 0.480325 0.932685 0.544614 -0.418875
0.984013 0.482187 0.93292 0.537038 -0.426545
0.986009 0.484049 0.933126 0.529473 -0.434208
0.988005 0.485912 0.933301 0.521918 -0.441863
0.990001 0.487775 0.933445 0.514374 -0.449511
0.991997 0.489638 0.93356 0.506842 -0.457152
0.993993 0.491502 0.933644 0.49932 -0.464785
0.995989 0.493365 0.933697 0.491811 -0.47241
0.997985 0.495229 0.933721 0.484313 -0.480027
0.999981 0.497093 0.933715 0.476826 -0.487636
1.00198 0.498956 0.933678 0.469352 -0.495236
1.00397 0.50082 0.933611 0.46189 -0.502829
1.00597 0.502683 0.933515 0.454441 -0.510413
1.00797 0.504546 0.933388 0.447004 -0.517989
1.00996 0.506409 0.933231 0.43958 -0.525556
1.01196 0.508272 0.933045 0.432169 -0.533114
1.01395 0.510134 0.932828 0.424771 -0.540664
1.01595 0.511995 0.932582 0.417387 -0.548204
1.01794 0.513857 0.932306 0.410016 -0.555736
1.01994 0.515717 0.932 0.402659 -0.563258
1.02194 0.517577 0.931665 0.395316 -0.570771
1.02393 0.519436 0.9313 0.387986 -0.578275
1.02593 0.521295 0.930905 0.380671 -0.585769
1.02792 0.523152 0.930481 0.373371 -0.593254
1.02992 0.525009 0.930028 0.366085 -0.600729
1.03192 0.526865 0.929545 0.358813 -0.608194
1.03391 0.52872 0.929032 0.351557 -0.61565
1.03591 0.530574 0.92849 0.344315 -0.623095
1.0379 0.532426 0.927919 0.337089 -0.63053
1.0399 0.534278 0.927319 0.329878 -0.637956
1.0419 0.536128 0.926689 0.322683 -0.64537
1.04389 0.537977 0.926031 0.315503 -0.652775
1.04589 0.539825 0.925343 0.308339 -0.660169
1.04788 0.541671 0.924626 0.301192 -0.667552
1.04988 0.543516 0.923881 0.29406 -0.674925
1.05188 0.545359 0.923106 0.286944 -0.682287
1.05387 0.547201 0.922302 0.279845 -0.689638
1.05587 0.549041 0.92147 0.272763 -0.696979
1.05786 0.550879 0.920609 0.265697 -0.704308
1.05986 0.552716 0.919719 0.258648 -0.711626
1.06186 0.554551 0.918801 0.251616 -0.718933
1.06385 0.556383 0.917854 0.244601 -0.726229
1.06585 0.558215 0.916878 0.237604 -0.733513
1.06784 0.560044 0.915874 0.230623 -0.740785
1.06984 0.561871 0.914842 0.223661 -0.748047
1.07184 0.563696 0.913781 0.216716 -0.755296
1.07383 0.565518 0.912692 0.209788 -0.762534
1.07583 0.567339 0.911574 0.202879 -0.76976
1.07782 0.569157 0.910429 0.195988 -0.776974
1.07982 0.570973 0.909255 0.189114 -0.784176
1.08182 0.572787 0.908053 0.182259 -0.791367
1.08381 0.574598 0.906824 0.175423 -0.798545
1.08581 0.576407 0.905566 0.168605 -0.80571
1.0878 0.578213 0.90428 0.161805 -0.812864
1.0898 0.580017 0.902967 0.155024 -0.820005
1.0918 0.581818 0.901626 0.148262 -0.827134
1.09379 0.583616 0.900257 0.141519 -0.83425
1.09579 0.585411 0.89886 0.134795 -0.841354
1.09778 0.587204 0.897436 0.128091 -0.848445
1.09978 0.588994 0.895985 0.121405 -0.855523
1.10178 0.590781 0.894506 0.114739 -0.862589
1.10377 0.592565 0.892999 0.108092 -0.869642
1.10577 0.594346 0.891466 0.101465 -0.876681
1.10776 0.596123 0.889905 0.0948574 -0.883708
1.10976 0.597898 0.888317 0.0882696 -0.890722
1.11176 0.599669 0.886702 0.0817016 -0.897723
1.11375 0.601438 0.885059 0.0751535 -0.90471
1.11575 0.603203 0.88339 0.0686255 -0.911684
1.11774 0.604964 0.881694 0.0621175 -0.918645
1.11974 0.606722 0.879971 0.0556297 -0.925593
1.12174 0.608477 0.878221 0.0491622 -0.932527
1.12373 0.610228 0.876445 0.042715 -0.939448
1.12573 0.611976 0.874641 0.0362883 -0.946355
1.12772 0.61372 0.872812 0.029882 -0.953248
1.12972 0.61546 0.870955 0.0234963 -0.960128
1.13172 0.617196 0.869073 0.0171312 -0.966994
1.13371 0.618929 0.867164 0.0107869 -0.973846
1.13571 0.620658 0.865228 0.00446332 -0.980685
1.1377 0.622383 0.863267 0 -0.98751
1.1397 0.624104 0.861289 0 -0.99432
1.1417 0.625821 0.859298 0 -1
1.14369 0.627534 0.857302 0 -1
1.14569 0.629243 0.855306 0 -1
1.14768 0.630949 0.85331 0 -1
1.14968 0.63265 0.851314 0 -1
1.15167 0.634347 0.849318 0 -1
1.15367 0.63604 0.847323 0 -1
1.15567 0.63773 0.845327 0 -1
1.15766 0.639415 0.843331 0 -1
1.15966 0.641096 0.841335 0 -1
1.16165 0.642773 0.839339 0 -1
1.16365 0.644447 0.837343 0 -1
1.16565 0.646116 0.835347 0 -1
1.16764 0.647781 0.833351 0 -1
1.16964 0.649443 0.831355 0 -1
1.17163 0.6511 0.829359 0 -1
1.17363 0.652753 0.827363 0 -1
1.17563 0.654403 0.825367 0 -1
1.17762 0.656048 0.823371 0 -1
1.17962 0.65769 0.821375 0 -1
1.18161 0.659327 0.819379 0 -1
1.18361 0.660961 0.817383 0 -1
1.18561 0.66259 0.815387 0 -1
1.1876 0.664216 0.813391 0 -1
1.1896 0.665837 0.811395 0 -1
1.19159 0.667455 0.809399 0 -1
1.19359 0.669068 0.807403 0 -1
1.19559 0.670678 0.805407 0 -1
1.19758 0.672283 0.803411 0 -1
1.19958 0.673885 0.801415 0 -1
1.20157 0.675482 0.799419 0 -1
1.20357 0.677076 0.797423 0 -1
1.20557 0.678666 0.795427 0 -1
1.20756 0.680251 0.793431 0 -1
1.20956 0.681833 0.791435 0 -1
1.21155 0.683411 0.789439 0 -1
1.21355 0.684984 0.787443 0 -1
1.21555 0.686554 0.785447 0 -1
1.21754 0.68812 0.783451 0 -1
1.21954 0.689682 0.781455 0 -1
1.22153 0.691239 0.77946 0 -1
1.22353 0.692793 0.777464 0 -1
1.22553 0.694343 0.775468 0 -1
1.22752 0.695889 0.773472 0 -1
1.22952 0.697431 0.771476 0 -1
1.23151 0.698969 0.76948 0 -1
1.23351 0.700502 0.767484 0 -1
1.23551 0.702032 0.765488 0 -1
1.2375 0.703558 0.763492 0 -1
1.2395 0.70508 0.761496 0 -1
1.24149 0.706598 0.7595 0 -1
1.24349 0.708112 0.757504 0 -1
1.24549 0.709622 0.755508 0 -1
1.24748 0.711128 0.753512 0 -1
1.24948 0.71263 0.751516 0 -1
1.25147 0.714128 0.74952 0 -1
1.25347 0.715622 0.747524 0 -1
1.25547 0.717112 0.745528 0 -1
1.25746 0.718598 0.743532 0 -1
1.25946 0.72008 0.741536 0 -1
1.26145 0.721558 0.73954 0 -1
1.26345 0.723032 0.737544 0 -1
1.26545 0.724502 0.735548 0 -1
1.26744 0.725969 0.733552 0 -1
1.26944 0.727431 0.731556 0 -1
1.27143 0.728889 0.72956 0 -1
1.27343 0.730343 0.727564 0 -1
1.27543 0.731793 0.725568 0 -1
1.27742 0.73324 0.723572 0 -1
1.27942 0.734682 0.721576 0 -1
1.28141 0.73612 0.71958 0 -1
1.28341 0.737554 0.717584 0 -1
1.2854 0.738985 0.715588 0 -1
1.2874 0.740411 0.713592 0 -1
1.2894 0.741833 0.711597 0 -1
1.29139 0.743252 0.709601 0 -1
1.29339 0.744666 0.707605 0 -1
1.29538 0.746076 0.705609 0 -1
1.29738 0.747483 0.703613 0 -1
1.29938 0.748885 0.701617 0 -1
1.30137 0.750283 0.699621 0 -1
1.30337 0.751678 0.697625 0 -1
1.30536 0.753068 0.695629 0 -1
1.30736 0.754455 0.693633 0 -1
1.30936 0.755837 0.691637 0 -1
1.31135 0.757216 0.689641 0 -1
1.31335 0.75859 0.687645 0 -1
1.31534 0.759961 0.685649 0 -1
1.31734 0.761327 0.683653 0 -1
1.31934 0.76269 0.681657 0 -1
1.32133 0.764048 0.679661 0 -1
1.32333 0.765403 0.677665 0 -1
1.32532 0.766754 0.675669 0 -1
1.32732 0.7681 0.673673 0 -1
1.32932 0.769443 0.671677 0 -1
1.33131 0.770782 0.669681 0 -1
1.33331 0.772116 0.667685 0 -1
1.3353 0.773447 0.665689 0 -1
1.3373 0.774774 0.663693 0 -1
1.3393 0.776096 0.661697 0 -1
1.34129 0.777415 0.659701 0 -1
1.34329 0.77873 0.657705 0 -1
1.34528 0.780041 0.655709 0 -1
1.34728 0.781347 0.653713 0 -1
1.34928 0.78265 0.651717 0 -1
1.35127 0.783949 0.649721 0 -1
1.35327 0.785244 0.647725 0 -1
1.35526 0.786535 0.645729 0 -1
1.35726 0.787822 0.643734 0 -1
1.35926 0.789104 0.641738 0 -1
1.36125 0.790383 0.639742 0 -1
1.36325 0.791658 0.637746 0 -1
1.36524 0.792929 0.63575 0 -1
1.36724 0.794196 0.633754 0 -1
1.36924 0.795459 0.631758 0 -1
1.37123 0.796718 0.629762 0 -1
1.37323 0.797973 0.627766 0 -1
1.37522 0.799224 0.62577 0 -1
1.37722 0.800471 0.623774 0 -1
1.37922 0.801714 0.621778 0 -1
1.38121 0.802953 0.619782 0 -1
1.38321 0.804188 0.617786 0 -1
1.3852 0.805419 0.61579 0 -1
1.3872 0.806646 0.613794 0 -1
1.3892 0.80787 0.611798 0 -1
1.39119 0.809089 0.609802 0 -1
1.39319 0.810304 0.607806 0 -1
1.39518 0.811515 0.60581 0 -1
1.39718 0.812722 0.603814 0 -1
1.39918 0.813925 0.601818 0 -1
1.40117 0.815125 0.599822 0 -1
1.40317 0.81632 0.597826 0 -1
1.40516 0.817511 0.59583 0 -1
1.40716 0.818698 0.593834 0 -1
1.40916 0.819882 0.591838 0 -1
1.41115 0.821061 0.589842 0 -1
1.41315 0.822236 0.587846 0 -1
1.41514 0.823408 0.58585 0 -1
1.41714 0.824575 0.583854 0 -1
1.41914 0.825738 0.581858 0 -1
1.42113 0.826898 0.579862 0 -1
1.42313 0.828053 0.577866 0 -1
1.42512 0.829205 0.575871 0 -1
1.42712 0.830352 0.573875 0 -1
1.42911 0.831495 0.571879 0 -1
1.43111 0.832635 0.569883 0 -1
1.43311 0.83377 0.567887 0 -1
1.4351 0.834902 0.565891 0 -1
1.4371 0.836029 0.563895 0 -1
1.43909 0.837153 0.561899 0 -1
1.44109 0.838272 0.559903 0 -1
1.44309 0.839388 0.557907 0 -1
1.44508 0.8405 0.555911 0 -1
1.44708 0.841607 0.553915 0 -1
1.44907 0.842711 0.551919 0 -1
1.45107 0.84381 0.549923 0 -1
1.45307 0.844906 0.547927 0 -1
1.45506 0.845998 0.545931 0 -1
1.45706 0.847085 0.543935 0 -1
1.45905 0.848169 0.541939 0 -1
1.46105 0.849249 0.539943 0 -1
1.46305 0.850324 0.537947 0 -1
1.46504 0.851396 0.535951 0 -1
1.46704 0.852464 0.533955 0 -1
1.46903 0.853528 0.531959 0 -1
1.47103 0.854587 0.529963 0 -1
1.47303 0.855643 0.527967 0 -1
1.47502 0.856695 0.525971 0 -1
1.47702 0.857743 0.523975 0 -1
1.47901 0.858787 0.521979 0 -1
1.48101 0.859827 0.519983 0 -1
1.48301 0.860863 0.517987 0 -1
1.485 0.861894 0.515991 0 -1
1.487 0.862922 0.513995 0 -1
1.48899 0.863946 0.511999 0 -1
1.49099 0.864966 0.510003 0 -1
1.49299 0.865982 0.508008 0 -1
1.49498 0.866994 0.506012 0 -1
1.49698 0.868002 0.504016 0 -1
1.49897 0.869006 0.50202 0 -1
1.50097 0.870006 0.500024 0 -1
1.50297 0.871002 0.498028 0 -1
1.50496 0.871994 0.496032 0 -1
1.50696 0.872982 0.494036 0 -1
1.50895 0.873966 0.49204 0 -1
1.51095 0.874947 0.490044 0 -1
1.51295 0.875923 0.488048 0 -1
1.51494 0.876895 0.486052 0 -1
1.51694 0.877863 0.484056 0 -1
1.51893 0.878827 0.48206 0 -1
1.52093 0.879787 0.480064 0 -1
1.52293 0.880743 0.478068 0 -1
1.52492 0.881696 0.476072 0 -1
1.52692 0.882644 0.474076 0 -1
1.52891 0.883588 0.47208 0 -1
1.53091 0.884528 0.470084 0 -1
1.53291 0.885465 0.468088 0 -1
1.5349 0.886397 0.466092 0 -1
1.5369 0.887325 0.464096 0 -1
1.53889 0.88825 0.4621 0 -1
1.54089 0.88917 0.460104 0 -1
1.54289 0.890086 0.458108 0 -1
1.54488 0.890999 0.456112 0 -1
1.54688 0.891907 0.454116 0 -1
1.54887 0.892812 0.45212 0 -1
1.55087 0.893712 0.450124 0 -1
1.55287 0.894608 0.448128 0 -1
1.55486 0.895501 0.446132 0 -1
1.55686 0.896389 0.444136 0 -1
1.55885 0.897274 0.442141 0 -1
1.56085 0.898154 0.440145 0 -1
1.56284 0.899031 0.438149 0 -1
1.56484 0.899903 0.436153 0 -1
1.56684 0.900772 0.434157 0 -1
1.56883 0.901637 0.432161 0 -1
1.57083 0.902497 0.430165 0 -1
1.57282 0.903354 0.428169 0 -1
1.57482 0.904206 0.426173 0 -1
1.57682 0.905055 0.424177 0 -1
1.57881 0.9059 0.422181 0 -1
1.58081 0.90674 0.420185 0 -1
1.5828 0.907577 0.418189 0 -1
1.5848 0.90841 0.416193 0 -1
1.5868 0.909238 0.414197 0 -1
1.58879 0.910063 0.412201 0 -1
1.59079 0.910884 0.410205 0 -1
1.59278 0.911701 0.408209 0 -1
1.59478 0.912513 0.406213 0 -1
1.59678 0.913322 0.404217 0 -1
1.59877 0.914127 0.402221 0 -1
1.60077 0.914928 0.400225 0 -1
1.60276 0.915725 0.398229 0 -1
1.60476 0.916518 0.396233 0 -1
1.60676 0.917307 0.394237 0 -1
1.60875 0.918091 0.392241 0 -1
1.61075 0.918872 0.390245 0 -1
1.61274 0.919649 0.388249 0 -1
1.61474 0.920422 0.386253 0 -1
1.61674 0.921191 0.384257 0 -1
1.61873 0.921956 0.382261 0 -1
1.62073 0.922717 0.380265 0 -1
1.62272 0.923474 0.378269 0 -1
1.62472 0.924227 0.376273 0 -1
1.62672 0.924976 0.374278 0 -1
1.62871 0.925721 0.372282 0 -1
1.63071 0.926462 0.370286 0 -1
1.6327 0.927199 0.36829 0 -1
1.6347 0.927932 0.366294 0 -1
1.6367 0.928662 0.364298 0 -1
1.63869 0.929387 0.362302 0 -1
1.64069 0.930108 0.360306 0 -1
1.64268 0.930825 0.35831 0 -1
1.64468 0.931538 0.356314 0 -1
1.64668 0.932247 0.354318 0 -1
1.64867 0.932953 0.352322 0 -1
1.65067 0.933654 0.350326 0 -1
1.65266 0.934351 0.34833 0 -1
1.65466 0.935044 0.346334 0 -1
1.65666 0.935734 0.344338 0 -1
1.65865 0.936419 0.342342 0 -1
1.66065 0.9371 0.340346 0 -1
1.66264 0.937778 0.33835 0 -1
1.66464 0.938451 0.336354 0 -1
1.66664 0.93912 0.334358 0 -1
1.66863 0.939786 0.332362 0 -1
1.67063 0.940447 0.330366 0 -1
1.67262 0.941105 0.32837 0 -1
1.67462 0.941758 0.326374 0 -1
1.67662 0.942407 0.324378 0 -1
1.67861 0.943053 0.322382 0 -1
1.68061 0.943694 0.320386 0 -1
1.6826 0.944332 0.31839 0 -1
1.6846 0.944965 0.316394 0 -1
1.6866 0.945595 0.314398 0 -1
1.68859 0.94622 0.312402 0 -1
1.69059 0.946842 0.310406 0 -1
1.69258 0.947459 0.30841 0 -1
1.69458 0.948073 0.306415 0 -1
1.69657 0.948683 0.304419 0 -1
1.69857 0.949288 0.302423 0 -1
1.70057 0.94989 0.300427 0 -1
1.70256 0.950488 0.298431 0 -1
1.70456 0.951081 0.296435 0 -1
1.70655 0.951671 0.294439 0 -1
1.70855 0.952257 0.292443 0 -1
1.71055 0.952838 0.290447 0 -1
1.71254 0.953416 0.288451 0 -1
1.71454 0.95399 0.286455 0 -1
1.71653 0.95456 0.284459 0 -1
1.71853 0.955125 0.282463 0 -1
1.72053 0.955687 0.280467 0 -1
1.72252 0.956245 0.278471 0 -1
1.72452 0.956799 0.276475 0 -1
1.72651 0.957349 0.274479 0 -1
1.72851 0.957894 0.272483 0 -1
1.73051 0.958436 0.270487 0 -1
1.7325 0.958974 0.268491 0 -1
1.7345 0.959508 0.266495 0 -1
1.73649 0.960038 0.264499 0 -1
1.73849 0.960564 0.262503 0 -1
1.74049 0.961086 0.260507 0 -1
1.74248 0.961604 0.258511 0 -1
1.74448 0.962118 0.256515 0 -1
1.74647 0.962628 0.254519 0 -1
1.74847 0.963134 0.252523 0 -1
1.75047 0.963636 0.250527 0 -1
1.75246 0.964134 0.248531 0 -1
1.75446 0.964628 0.246535 0 -1
1.75645 0.965118 0.244539 0 -1
1.75845 0.965604 0.242543 0 -1
1.76045 0.966086 0.240547 0 -1
1.76244 0.966565 0.238552 0 -1
1.76444 0.967039 0.236556 0 -1
1.76643 0.967509 0.23456 0 -1
1.76843 0.967975 0.232564 0 -1
1.77043 0.968437 0.230568 0 -1
1.77242 0.968895 0.228572 0 -1
1.77442 0.96935 0.226576 0 -1
1.77641 0.9698 0.22458 0 -1
1.77841 0.970246 0.222584 0 -1
1.78041 0.970689 0.220588 0 -1
1.7824 0.971127 0.218592 0 -1
1.7844 0.971561 0.216596 0 -1
1.78639 0.971991 0.2146 0 -1
1.78839 0.972418 0.212604 0 -1
1.79039 0.97284 0.210608 0 -1
1.79238 0.973259 0.208612 0 -1
1.79438 0.973673 0.206616 0 -1
1.79637 0.974083 0.20462 0 -1
1.79837 0.97449 0.202624 0 -1
1.80037 0.974892 0.200628 0 -1
1.80236 0.975291 0.198632 0 -1
1.80436 0.975685 0.196636 0 -1
1.80635 0.976076 0.19464 0 -1
1.80835 0.976462 0.192644 0 -1
1.81035 0.976845 0.190648 0 -1
1.81234 0.977223 0.188652 0 -1
1.81434 0.977598 0.186656 0 -1
1.81633 0.977968 0.18466 0 -1
1.81833 0.978335 0.182664 0 -1
1.82033 0.978697 0.180668 0 -1
1.82232 0.979056 0.178672 0 -1
1.82432 0.979411 0.176676 0 -1
1.82631 0.979761 0.17468 0 -1
1.82831 0.980108 0.172684 0 -1
1.8303 0.980451 0.170689 0 -1
1.8323 0.980789 0.168693 0 -1
1.8343 0.981124 0.166697 0 -1
1.83629 0.981455 0.164701 0 -1
1.83829 0.981782 0.162705 0 -1
1.84028 0.982104 0.160709 0 -1
1.84228 0.982423 0.158713 0 -1
1.84428 0.982738 0.156717 0 -1
1.84627 0.983049 0.154721 0 -1
1.84827 0.983356 0.152725 0 -1
1.85026 0.983658 0.150729 0 -1
1.85226 0.983957 0.148733 0 -1
1.85426 0.984252 0.146737 0 -1
1.85625 0.984543 0.144741 0 -1
1.85825 0.98483 0.142745 0 -1
1.86024 0.985113 0.140749 0 -1
1.86224 0.985392 0.138753 0 -1
1.86424 0.985667 0.136757 0 -1
1.86623 0.985938 0.134761 0 -1
1.86823 0.986205 0.132765 0 -1
1.87022 0.986468 0.130769 0 -1
1.87222 0.986727 0.128773 0 -1
1.87422 0.986982 0.126777 0 -1
1.87621 0.987233 0.124781 0 -1
1.87821 0.98748 0.122785 0 -1
1.8802 0.987723 0.120789 0 -1
1.8822 0.987962 0.118793 0 -1
1.8842 0.988197 0.116797 0 -1
1.88619 0.988428 0.114801 0 -1
1.88819 0.988655 0.112805 0 -1
1.89018 0.988879 0.110809 0 -1
1.89218 0.989098 0.108813 0 -1
1.89418 0.989313 0.106817 0 -1
1.89617 0.989524 0.104821 0 -1
1.89817 0.989731 0.102826 0 -1
1.90016 0.989935 0.10083 0 -1
1.90216 0.990134 0.0988336 0 -1
1.90416 0.990329 0.0968376 0 -1
1.90615 0.990521 0.0948416 0 -1
1.90815 0.990708 0.0928457 0 -1
1.91014 0.990891 0.0908497 0 -1
1.91214 0.99107 0.0888537 0 -1
1.91414 0.991246 0.0868578 0 -1
1.91613 0.991417 0.0848618 0 -1
1.91813 0.991585 0.0828658 0 -1
1.92012 0.991748 0.0808698 0 -1
1.92212 0.991907 0.0788739 0 -1
1.92412 0.992063 0.0768779 0 -1
1.92611 0.992214 0.0748819 0 -1
1.92811 0.992362 0.072886 0 -1
1.9301 0.992505 0.07089 0 -1
1.9321 0.992645 0.068894 0 -1
1.9341 0.99278 0.0668981 0 -1
1.93609 0.992912 0.0649021 0 -1
1.93809 0.993039 0.0629061 0 -1
1.94008 0.993163 0.0609101 0 -1
1.94208 0.993283 0.0589142 0 -1
1.94408 0.993398 0.0569182 0 -1
1.94607 0.99351 0.0549222 0 -1
1.94807 0.993617 0.0529263 0 -1
1.95006 0.993721 0.0509303 0 -1
1.95206 0.993821 0.0489343 0 -1
1.95406 0.993916 0.0469383 0 -1
1.95605 0.994008 0.0449424 0 -1
1.95805 0.994096 0.0429464 0 -1
1.96004 0.99418 0.0409504 0 -1
1.96204 0.994259 0.0389545 0 -1
1.96403 0.994335 0.0369585 0 -1
1.96603 0.994407 0.0349625 0 -1
1.96803 0.994475 0.0329666 0 -1
1.97002 0.994538 0.0309706 0 -1
1.97202 0.994598 0.0289746 0 -1
1.97401 0.994654 0.0269786 0 -1
1.97601 0.994706 0.0249827 0 -1
1.97801 0.994754 0.0229867 0 -1
1.98 0.994798 0.0209907 0 -1
1.982 0.994838 0.0189948 0 -1
1.98399 0.994874 0.0169988 0 -1
1.98599 0.994905 0.0150028 0 -1
1.98799 0.994933 0.0130068 0 -1
1.98998 0.994957 0.0110109 0 -1
1.99198 0.994977 0.00901491 0 -1
1.99397 0.994993 0.00701894 0 -1
1.99597 0.995005 0.00502297 0 -1
