% Flood Neural Network. Geodesic problem results data file.
% Column data:
%  1 - Independent variable (x)
%  2 - Dependent variable (y)

0 1
0.001 0.997893
0.002 0.995785
0.003 0.993676
0.004 0.991566
0.005 0.989454
0.006 0.987341
0.007 0.985227
0.008 0.983112
0.009 0.980995
0.01 0.978877
0.011 0.976758
0.012 0.974638
0.013 0.972517
0.014 0.970395
0.015 0.968271
0.016 0.966147
0.017 0.964021
0.018 0.961894
0.019 0.959766
0.02 0.957638
0.021 0.955508
0.022 0.953377
0.023 0.951245
0.024 0.949112
0.025 0.946978
0.026 0.944844
0.027 0.942708
0.028 0.940571
0.029 0.938434
0.03 0.936295
0.031 0.934156
0.032 0.932016
0.033 0.929875
0.034 0.927733
0.035 0.92559
0.036 0.923446
0.037 0.921302
0.038 0.919157
0.039 0.917011
0.04 0.914864
0.041 0.912717
0.042 0.910569
0.043 0.90842
0.044 0.90627
0.045 0.90412
0.046 0.901969
0.047 0.899818
0.048 0.897666
0.049 0.895513
0.05 0.893359
0.051 0.891205
0.052 0.889051
0.053 0.886896
0.054 0.88474
0.055 0.882584
0.056 0.880427
0.057 0.87827
0.058 0.876112
0.059 0.873954
0.06 0.871795
0.061 0.869636
0.062 0.867477
0.063 0.865317
0.064 0.863156
0.065 0.860995
0.066 0.858834
0.067 0.856673
0.068 0.854511
0.069 0.852349
0.07 0.850186
0.071 0.848024
0.072 0.845861
0.073 0.843697
0.074 0.841534
0.075 0.83937
0.076 0.837206
0.077 0.835041
0.078 0.832877
0.079 0.830712
0.08 0.828548
0.081 0.826383
0.082 0.824218
0.083 0.822052
0.084 0.819887
0.085 0.817722
0.086 0.815556
0.087 0.813391
0.088 0.811225
0.089 0.809059
0.09 0.806894
0.091 0.804728
0.092 0.802562
0.093 0.800397
0.094 0.798231
0.095 0.796066
0.096 0.7939
0.097 0.791735
0.098 0.789569
0.099 0.787404
0.1 0.785239
0.101 0.783074
0.102 0.78091
0.103 0.778745
0.104 0.776581
0.105 0.774416
0.106 0.772252
0.107 0.770089
0.108 0.767925
0.109 0.765762
0.11 0.763599
0.111 0.761436
0.112 0.759274
0.113 0.757112
0.114 0.75495
0.115 0.752789
0.116 0.750628
0.117 0.748467
0.118 0.746307
0.119 0.744147
0.12 0.741988
0.121 0.739829
0.122 0.73767
0.123 0.735512
0.124 0.733355
0.125 0.731198
0.126 0.729041
0.127 0.726885
0.128 0.724729
0.129 0.722574
0.13 0.72042
0.131 0.718266
0.132 0.716113
0.133 0.71396
0.134 0.711808
0.135 0.709657
0.136 0.707506
0.137 0.705356
0.138 0.703207
0.139 0.701058
0.14 0.69891
0.141 0.696763
0.142 0.694616
0.143 0.69247
0.144 0.690325
0.145 0.688181
0.146 0.686037
0.147 0.683895
0.148 0.681753
0.149 0.679612
0.15 0.677472
0.151 0.675332
0.152 0.673194
0.153 0.671056
0.154 0.66892
0.155 0.666784
0.156 0.664649
0.157 0.662515
0.158 0.660383
0.159 0.658251
0.16 0.65612
0.161 0.65399
0.162 0.651861
0.163 0.649733
0.164 0.647606
0.165 0.64548
0.166 0.643356
0.167 0.641232
0.168 0.639109
0.169 0.636988
0.17 0.634868
0.171 0.632748
0.172 0.63063
0.173 0.628513
0.174 0.626398
0.175 0.624283
0.176 0.62217
0.177 0.620058
0.178 0.617947
0.179 0.615837
0.18 0.613729
0.181 0.611622
0.182 0.609516
0.183 0.607411
0.184 0.605308
0.185 0.603206
0.186 0.601106
0.187 0.599007
0.188 0.596909
0.189 0.594812
0.19 0.592717
0.191 0.590623
0.192 0.588531
0.193 0.58644
0.194 0.584351
0.195 0.582263
0.196 0.580177
0.197 0.578091
0.198 0.576008
0.199 0.573926
0.2 0.571845
0.201 0.569766
0.202 0.567689
0.203 0.565613
0.204 0.563539
0.205 0.561466
0.206 0.559395
0.207 0.557325
0.208 0.555258
0.209 0.553191
0.21 0.551127
0.211 0.549064
0.212 0.547002
0.213 0.544943
0.214 0.542885
0.215 0.540829
0.216 0.538774
0.217 0.536721
0.218 0.53467
0.219 0.532621
0.22 0.530573
0.221 0.528528
0.222 0.526484
0.223 0.524441
0.224 0.522401
0.225 0.520363
0.226 0.518326
0.227 0.516291
0.228 0.514258
0.229 0.512227
0.23 0.510198
0.231 0.50817
0.232 0.506145
0.233 0.504121
0.234 0.5021
0.235 0.50008
0.236 0.498063
0.237 0.496047
0.238 0.494033
0.239 0.492022
0.24 0.490012
0.241 0.488004
0.242 0.485998
0.243 0.483995
0.244 0.481993
0.245 0.479994
0.246 0.477996
0.247 0.476001
0.248 0.474008
0.249 0.472016
0.25 0.470027
0.251 0.46804
0.252 0.466056
0.253 0.464073
0.254 0.462093
0.255 0.460114
0.256 0.458138
0.257 0.456164
0.258 0.454192
0.259 0.452223
0.26 0.450256
0.261 0.448291
0.262 0.446328
0.263 0.444367
0.264 0.442409
0.265 0.440453
0.266 0.438499
0.267 0.436548
0.268 0.434599
0.269 0.432652
0.27 0.430708
0.271 0.428765
0.272 0.426826
0.273 0.424888
0.274 0.422953
0.275 0.421021
0.276 0.419091
0.277 0.417163
0.278 0.415237
0.279 0.413314
0.28 0.411394
0.281 0.409476
0.282 0.40756
0.283 0.405647
0.284 0.403736
0.285 0.401828
0.286 0.399923
0.287 0.398019
0.288 0.396119
0.289 0.394221
0.29 0.392325
0.291 0.390432
0.292 0.388541
0.293 0.386654
0.294 0.384768
0.295 0.382885
0.296 0.381005
0.297 0.379128
0.298 0.377253
0.299 0.375381
0.3 0.373511
0.301 0.371644
0.302 0.369779
0.303 0.367918
0.304 0.366059
0.305 0.364202
0.306 0.362349
0.307 0.360498
0.308 0.358649
0.309 0.356804
0.31 0.354961
0.311 0.353121
0.312 0.351284
0.313 0.349449
0.314 0.347617
0.315 0.345788
0.316 0.343962
0.317 0.342139
0.318 0.340318
0.319 0.3385
0.32 0.336685
0.321 0.334873
0.322 0.333063
0.323 0.331257
0.324 0.329453
0.325 0.327653
0.326 0.325855
0.327 0.32406
0.328 0.322267
0.329 0.320478
0.33 0.318692
0.331 0.316908
0.332 0.315128
0.333 0.31335
0.334 0.311575
0.335 0.309804
0.336 0.308035
0.337 0.306269
0.338 0.304506
0.339 0.302747
0.34 0.30099
0.341 0.299236
0.342 0.297485
0.343 0.295737
0.344 0.293992
0.345 0.292251
0.346 0.290512
0.347 0.288776
0.348 0.287043
0.349 0.285314
0.35 0.283587
0.351 0.281864
0.352 0.280144
0.353 0.278426
0.354 0.276712
0.355 0.275001
0.356 0.273293
0.357 0.271588
0.358 0.269887
0.359 0.268188
0.36 0.266493
0.361 0.2648
0.362 0.263111
0.363 0.261425
0.364 0.259743
0.365 0.258063
0.366 0.256387
0.367 0.254714
0.368 0.253044
0.369 0.251377
0.37 0.249713
0.371 0.248053
0.372 0.246396
0.373 0.244742
0.374 0.243091
0.375 0.241444
0.376 0.2398
0.377 0.238159
0.378 0.236522
0.379 0.234888
0.38 0.233257
0.381 0.231629
0.382 0.230005
0.383 0.228383
0.384 0.226766
0.385 0.225151
0.386 0.22354
0.387 0.221933
0.388 0.220328
0.389 0.218727
0.39 0.217129
0.391 0.215535
0.392 0.213944
0.393 0.212357
0.394 0.210772
0.395 0.209192
0.396 0.207614
0.397 0.20604
0.398 0.20447
0.399 0.202903
0.4 0.201339
0.401 0.199778
0.402 0.198222
0.403 0.196668
0.404 0.195118
0.405 0.193572
0.406 0.192028
0.407 0.190489
0.408 0.188953
0.409 0.18742
0.41 0.185891
0.411 0.184365
0.412 0.182843
0.413 0.181324
0.414 0.179809
0.415 0.178297
0.416 0.176789
0.417 0.175285
0.418 0.173783
0.419 0.172286
0.42 0.170792
0.421 0.169301
0.422 0.167814
0.423 0.166331
0.424 0.164851
0.425 0.163375
0.426 0.161902
0.427 0.160433
0.428 0.158968
0.429 0.157506
0.43 0.156048
0.431 0.154593
0.432 0.153142
0.433 0.151694
0.434 0.150251
0.435 0.14881
0.436 0.147374
0.437 0.145941
0.438 0.144511
0.439 0.143086
0.44 0.141664
0.441 0.140245
0.442 0.138831
0.443 0.13742
0.444 0.136012
0.445 0.134609
0.446 0.133209
0.447 0.131812
0.448 0.13042
0.449 0.129031
0.45 0.127645
0.451 0.126264
0.452 0.124886
0.453 0.123512
0.454 0.122142
0.455 0.120775
0.456 0.119412
0.457 0.118053
0.458 0.116697
0.459 0.115346
0.46 0.113998
0.461 0.112654
0.462 0.111313
0.463 0.109976
0.464 0.108644
0.465 0.107314
0.466 0.105989
0.467 0.104667
0.468 0.10335
0.469 0.102036
0.47 0.100725
0.471 0.0994191
0.472 0.0981165
0.473 0.0968177
0.474 0.0955227
0.475 0.0942316
0.476 0.0929442
0.477 0.0916607
0.478 0.090381
0.479 0.0891052
0.48 0.0878332
0.481 0.086565
0.482 0.0853007
0.483 0.0840402
0.484 0.0827836
0.485 0.0815308
0.486 0.080282
0.487 0.0790369
0.488 0.0777958
0.489 0.0765585
0.49 0.0753251
0.491 0.0740956
0.492 0.0728699
0.493 0.0716482
0.494 0.0704304
0.495 0.0692164
0.496 0.0680064
0.497 0.0668002
0.498 0.065598
0.499 0.0643997
0.5 0.0632053
0.501 0.0620148
0.502 0.0608283
0.503 0.0596457
0.504 0.058467
0.505 0.0572923
0.506 0.0561215
0.507 0.0549546
0.508 0.0537917
0.509 0.0526327
0.51 0.0514777
0.511 0.0503267
0.512 0.0491796
0.513 0.0480364
0.514 0.0468973
0.515 0.0457621
0.516 0.0446309
0.517 0.0435037
0.518 0.0423804
0.519 0.0412612
0.52 0.0401459
0.521 0.0390346
0.522 0.0379273
0.523 0.036824
0.524 0.0357248
0.525 0.0346295
0.526 0.0335382
0.527 0.032451
0.528 0.0313677
0.529 0.0302885
0.53 0.0292133
0.531 0.0281421
0.532 0.027075
0.533 0.0260119
0.534 0.0249528
0.535 0.0238978
0.536 0.0228468
0.537 0.0217998
0.538 0.0207569
0.539 0.019718
0.54 0.0186832
0.541 0.0176525
0.542 0.0166258
0.543 0.0156031
0.544 0.0145846
0.545 0.0135701
0.546 0.0125596
0.547 0.0115533
0.548 0.010551
0.549 0.0095528
0.55 0.00855868
0.551 0.00756865
0.552 0.0065827
0.553 0.00560084
0.554 0.00462308
0.555 0.00364941
0.556 0.00267984
0.557 0.00171437
0.558 0.000753001
0.559 -0.000204258
0.56 -0.00115741
0.561 -0.00210645
0.562 -0.00305137
0.563 -0.00399218
0.564 -0.00492886
0.565 -0.00586143
0.566 -0.00678987
0.567 -0.00771418
0.568 -0.00863436
0.569 -0.00955041
0.57 -0.0104623
0.571 -0.0113701
0.572 -0.0122737
0.573 -0.0131732
0.574 -0.0140686
0.575 -0.0149598
0.576 -0.0158468
0.577 -0.0167297
0.578 -0.0176085
0.579 -0.0184831
0.58 -0.0193535
0.581 -0.0202198
0.582 -0.0210819
0.583 -0.0219398
0.584 -0.0227936
0.585 -0.0236432
0.586 -0.0244886
0.587 -0.0253299
0.588 -0.0261669
0.589 -0.0269998
0.59 -0.0278285
0.591 -0.0286531
0.592 -0.0294734
0.593 -0.0302896
0.594 -0.0311015
0.595 -0.0319093
0.596 -0.0327129
0.597 -0.0335122
0.598 -0.0343074
0.599 -0.0350984
0.6 -0.0358852
0.601 -0.0366677
0.602 -0.0374461
0.603 -0.0382202
0.604 -0.0389902
0.605 -0.0397559
0.606 -0.0405174
0.607 -0.0412747
0.608 -0.0420277
0.609 -0.0427766
0.61 -0.0435212
0.611 -0.0442616
0.612 -0.0449978
0.613 -0.0457297
0.614 -0.0464574
0.615 -0.0471809
0.616 -0.0479001
0.617 -0.0486151
0.618 -0.0493259
0.619 -0.0500324
0.62 -0.0507347
0.621 -0.0514327
0.622 -0.0521265
0.623 -0.0528161
0.624 -0.0535014
0.625 -0.0541824
0.626 -0.0548592
0.627 -0.0555317
0.628 -0.0562
0.629 -0.056864
0.63 -0.0575237
0.631 -0.0581792
0.632 -0.0588305
0.633 -0.0594774
0.634 -0.0601201
0.635 -0.0607585
0.636 -0.0613927
0.637 -0.0620226
0.638 -0.0626482
0.639 -0.0632695
0.64 -0.0638866
0.641 -0.0644993
0.642 -0.0651078
0.643 -0.065712
0.644 -0.066312
0.645 -0.0669076
0.646 -0.067499
0.647 -0.068086
0.648 -0.0686688
0.649 -0.0692473
0.65 -0.0698215
0.651 -0.0703914
0.652 -0.070957
0.653 -0.0715183
0.654 -0.0720753
0.655 -0.072628
0.656 -0.0731764
0.657 -0.0737205
0.658 -0.0742603
0.659 -0.0747958
0.66 -0.0753269
0.661 -0.0758538
0.662 -0.0763764
0.663 -0.0768946
0.664 -0.0774085
0.665 -0.0779182
0.666 -0.0784235
0.667 -0.0789244
0.668 -0.0794211
0.669 -0.0799135
0.67 -0.0804015
0.671 -0.0808852
0.672 -0.0813645
0.673 -0.0818396
0.674 -0.0823103
0.675 -0.0827767
0.676 -0.0832388
0.677 -0.0836965
0.678 -0.0841499
0.679 -0.084599
0.68 -0.0850437
0.681 -0.0854841
0.682 -0.0859202
0.683 -0.0863519
0.684 -0.0867793
0.685 -0.0872023
0.686 -0.087621
0.687 -0.0880354
0.688 -0.0884454
0.689 -0.088851
0.69 -0.0892523
0.691 -0.0896493
0.692 -0.0900419
0.693 -0.0904302
0.694 -0.0908141
0.695 -0.0911937
0.696 -0.0915689
0.697 -0.0919397
0.698 -0.0923062
0.699 -0.0926684
0.7 -0.0930262
0.701 -0.0933796
0.702 -0.0937286
0.703 -0.0940733
0.704 -0.0944137
0.705 -0.0947496
0.706 -0.0950813
0.707 -0.0954085
0.708 -0.0957314
0.709 -0.0960499
0.71 -0.096364
0.711 -0.0966738
0.712 -0.0969792
0.713 -0.0972802
0.714 -0.0975768
0.715 -0.0978691
0.716 -0.098157
0.717 -0.0984405
0.718 -0.0987197
0.719 -0.0989944
0.72 -0.0992648
0.721 -0.0995308
0.722 -0.0997924
0.723 -0.10005
0.724 -0.100303
0.725 -0.100551
0.726 -0.100795
0.727 -0.101035
0.728 -0.10127
0.729 -0.101501
0.73 -0.101728
0.731 -0.10195
0.732 -0.102167
0.733 -0.102381
0.734 -0.10259
0.735 -0.102794
0.736 -0.102995
0.737 -0.10319
0.738 -0.103382
0.739 -0.103569
0.74 -0.103751
0.741 -0.103929
0.742 -0.104103
0.743 -0.104273
0.744 -0.104438
0.745 -0.104598
0.746 -0.104754
0.747 -0.104906
0.748 -0.105054
0.749 -0.105196
0.75 -0.105335
0.751 -0.105469
0.752 -0.105599
0.753 -0.105724
0.754 -0.105845
0.755 -0.105962
0.756 -0.106074
0.757 -0.106181
0.758 -0.106285
0.759 -0.106384
0.76 -0.106478
0.761 -0.106568
0.762 -0.106654
0.763 -0.106735
0.764 -0.106812
0.765 -0.106884
0.766 -0.106952
0.767 -0.107015
0.768 -0.107075
0.769 -0.107129
0.77 -0.107179
0.771 -0.107225
0.772 -0.107267
0.773 -0.107304
0.774 -0.107336
0.775 -0.107364
0.776 -0.107388
0.777 -0.107407
0.778 -0.107422
0.779 -0.107433
0.78 -0.107439
0.781 -0.10744
0.782 -0.107437
0.783 -0.10743
0.784 -0.107418
0.785 -0.107402
0.786 -0.107381
0.787 -0.107356
0.788 -0.107327
0.789 -0.107293
0.79 -0.107254
0.791 -0.107212
0.792 -0.107164
0.793 -0.107113
0.794 -0.107057
0.795 -0.106996
0.796 -0.106931
0.797 -0.106862
0.798 -0.106788
0.799 -0.106709
0.8 -0.106627
0.801 -0.106539
0.802 -0.106448
0.803 -0.106352
0.804 -0.106251
0.805 -0.106146
0.806 -0.106037
0.807 -0.105923
0.808 -0.105804
0.809 -0.105682
0.81 -0.105554
0.811 -0.105423
0.812 -0.105287
0.813 -0.105146
0.814 -0.105001
0.815 -0.104851
0.816 -0.104697
0.817 -0.104539
0.818 -0.104376
0.819 -0.104209
0.82 -0.104037
0.821 -0.103861
0.822 -0.10368
0.823 -0.103495
0.824 -0.103305
0.825 -0.103111
0.826 -0.102913
0.827 -0.10271
0.828 -0.102502
0.829 -0.10229
0.83 -0.102074
0.831 -0.101853
0.832 -0.101628
0.833 -0.101398
0.834 -0.101164
0.835 -0.100925
0.836 -0.100682
0.837 -0.100434
0.838 -0.100182
0.839 -0.0999257
0.84 -0.0996647
0.841 -0.0993992
0.842 -0.0991293
0.843 -0.0988548
0.844 -0.0985759
0.845 -0.0982925
0.846 -0.0980047
0.847 -0.0977124
0.848 -0.0974156
0.849 -0.0971143
0.85 -0.0968086
0.851 -0.0964984
0.852 -0.0961837
0.853 -0.0958645
0.854 -0.0955409
0.855 -0.0952128
0.856 -0.0948802
0.857 -0.0945431
0.858 -0.0942015
0.859 -0.0938555
0.86 -0.093505
0.861 -0.09315
0.862 -0.0927906
0.863 -0.0924266
0.864 -0.0920582
0.865 -0.0916853
0.866 -0.0913079
0.867 -0.0909261
0.868 -0.0905397
0.869 -0.0901489
0.87 -0.0897536
0.871 -0.0893538
0.872 -0.0889495
0.873 -0.0885407
0.874 -0.0881274
0.875 -0.0877097
0.876 -0.0872875
0.877 -0.0868607
0.878 -0.0864295
0.879 -0.0859938
0.88 -0.0855537
0.881 -0.085109
0.882 -0.0846598
0.883 -0.0842062
0.884 -0.083748
0.885 -0.0832854
0.886 -0.0828183
0.887 -0.0823466
0.888 -0.0818705
0.889 -0.0813899
0.89 -0.0809048
0.891 -0.0804152
0.892 -0.0799211
0.893 -0.0794225
0.894 -0.0789195
0.895 -0.0784119
0.896 -0.0778998
0.897 -0.0773832
0.898 -0.0768622
0.899 -0.0763366
0.9 -0.0758065
0.901 -0.075272
0.902 -0.0747329
0.903 -0.0741893
0.904 -0.0736413
0.905 -0.0730887
0.906 -0.0725316
0.907 -0.0719701
0.908 -0.071404
0.909 -0.0708334
0.91 -0.0702583
0.911 -0.0696787
0.912 -0.0690947
0.913 -0.0685061
0.914 -0.067913
0.915 -0.0673154
0.916 -0.0667132
0.917 -0.0661066
0.918 -0.0654955
0.919 -0.0648799
0.92 -0.0642597
0.921 -0.0636351
0.922 -0.0630059
0.923 -0.0623722
0.924 -0.0617341
0.925 -0.0610914
0.926 -0.0604442
0.927 -0.0597924
0.928 -0.0591362
0.929 -0.0584755
0.93 -0.0578102
0.931 -0.0571405
0.932 -0.0564662
0.933 -0.0557874
0.934 -0.0551041
0.935 -0.0544163
0.936 -0.0537239
0.937 -0.0530271
0.938 -0.0523257
0.939 -0.0516198
0.94 -0.0509094
0.941 -0.0501945
0.942 -0.049475
0.943 -0.0487511
0.944 -0.0480226
0.945 -0.0472896
0.946 -0.0465521
0.947 -0.04581
0.948 -0.0450634
0.949 -0.0443124
0.95 -0.0435567
0.951 -0.0427966
0.952 -0.042032
0.953 -0.0412628
0.954 -0.0404891
0.955 -0.0397108
0.956 -0.0389281
0.957 -0.0381408
0.958 -0.037349
0.959 -0.0365527
0.96 -0.0357518
0.961 -0.0349464
0.962 -0.0341365
0.963 -0.0333221
0.964 -0.0325031
0.965 -0.0316796
0.966 -0.0308516
0.967 -0.030019
0.968 -0.0291819
0.969 -0.0283403
0.97 -0.0274941
0.971 -0.0266435
0.972 -0.0257882
0.973 -0.0249285
0.974 -0.0240642
0.975 -0.0231954
0.976 -0.022322
0.977 -0.0214441
0.978 -0.0205617
0.979 -0.0196748
0.98 -0.0187833
0.981 -0.0178872
0.982 -0.0169867
0.983 -0.0160816
0.984 -0.0151719
0.985 -0.0142577
0.986 -0.013339
0.987 -0.0124157
0.988 -0.0114879
0.989 -0.0105556
0.99 -0.0096187
0.991 -0.00867728
0.992 -0.00773131
0.993 -0.0067808
0.994 -0.00582574
0.995 -0.00486615
0.996 -0.00390201
0.997 -0.00293332
0.998 -0.00196009
0.999 -0.00098232
1 0
