<Flood version='3.0' class='QuasiNewtonMethod' content='TrainingHistory'>
<EvaluationHistory>
1.57911 0.977551 0.793501 0.699074 0.691384 0.680427 0.676644 0.67328 0.667476 0.662382 0.656465 0.648454 0.646862 0.643811 0.63855 0.634728 0.633122 0.627921 0.624149 0.619671 0.613519 0.611415 0.608671 0.60643 0.604231 0.602411 0.601036 0.599464 0.596829 0.595221 0.594677 0.593905 0.592403 0.592032 0.59164 0.590648 0.590066 0.589572 0.587966 0.587064 0.585344 0.58338 0.578599 0.577028 0.574971 0.571005 0.566928 0.564623 0.562622 0.559321 0.555892 0.553422 0.551854 0.55036 0.547069 0.543853 0.541412 0.540092 0.533283 0.528433 0.526158 0.524068 0.522128 0.520313 0.518195 0.51606 0.515026 0.514423 0.513455 0.512497 0.510402 0.508622 0.507734 0.506921 0.504403 0.499921 0.496333 0.4947 0.493553 0.49215 0.489395 0.48713 0.48546 0.484522 0.484234 0.483818 0.482295 0.480553 0.479654 0.47871 0.477416 0.475795 0.473768 0.472396 0.471315 0.470448 0.468741 0.466855 0.465437 0.464531 0.463884 0.46334 0.462873 0.461925 0.460575 0.460027 0.459508 0.45854 0.457508 0.456726 0.45596 0.455405 0.455181 0.454919 0.454644 0.454473 0.454313 0.454097 0.453862 0.453618 0.453484 0.453359 0.453218 0.453029 0.452687 0.452439 0.452301 0.45196 0.45171 0.451551 0.451319 0.45115 0.450939 0.450773 0.450615 0.450457 0.450299 0.450042 0.4497 0.449575 0.449497 0.449352 0.449101 0.448961 0.448847 0.448712 0.4485 0.448243 0.447759 0.447283 0.446883 0.446612 0.446437 0.446324 0.446269 0.446226 0.446203 0.446182 0.446143 0.44608 0.446006 0.445861 0.445708 0.445612 0.445568 0.44556 0.445552 0.44554 0.445505 0.445418 0.445336 0.445256 0.445203 0.445175 0.445153 0.44513 0.445113 0.445095 0.445078 0.445051 0.445017 0.444993 0.444972 0.444938 0.444921 0.444911 0.444897 0.444854 0.444744 0.444681 0.444648 0.444634 0.444626 0.444618 0.444609 0.444581 0.444522 0.444474 0.44444 0.444428 0.444418 0.444409 0.444402 0.444378 0.444336 0.444315 0.444306 
</EvaluationHistory>
<GradientNormHistory>
0.354768 0.183059 0.104019 0.0921308 0.0621235 0.062345 0.0387434 0.0409168 0.0477747 0.0445886 0.0488027 0.0352046 0.0288964 0.0380873 0.0486947 0.0313802 0.0322895 0.036337 0.0366765 0.0348388 0.0359656 0.0334844 0.0296007 0.0341885 0.0289249 0.0238946 0.0231161 0.0266572 0.021359 0.0221394 0.0191547 0.0160071 0.0129292 0.0120522 0.0137283 0.0144096 0.0146437 0.0158643 0.0172138 0.020758 0.0327548 0.0393605 0.0291485 0.0265588 0.0352511 0.0332324 0.0250499 0.0230008 0.0255576 0.0271178 0.0286168 0.0265842 0.0227113 0.0249793 0.0318825 0.0274154 0.0239624 0.0271996 0.0346528 0.0317616 0.0247137 0.0297478 0.0256144 0.0226021 0.024614 0.0193066 0.0157416 0.0143698 0.0170553 0.0166353 0.0165376 0.0177169 0.0161811 0.0169494 0.0234701 0.0226772 0.0185431 0.0193868 0.0181367 0.0222231 0.0217749 0.0203068 0.0149999 0.012047 0.0125937 0.0127147 0.0161471 0.0180919 0.0160574 0.0195153 0.0208555 0.0177226 0.0156349 0.0157848 0.0164992 0.0162274 0.0180803 0.0160365 0.0132782 0.0133239 0.0128603 0.0126771 0.00961212 0.0147613 0.010952 0.0148458 0.0123923 0.0104723 0.00911725 0.00862137 0.00810179 0.00585593 0.00615223 0.00561638 0.00584417 0.00594304 0.00552349 0.00508919 0.00515182 0.00405452 0.00410582 0.00457073 0.00503036 0.00651998 0.00790468 0.00621203 0.00657697 0.00812218 0.00871775 0.00764354 0.00789915 0.00625448 0.00619652 0.00511783 0.00486256 0.00537571 0.00698488 0.00606841 0.00583561 0.00442283 0.00448483 0.00533456 0.00554923 0.00516663 0.00527175 0.00606968 0.00572105 0.00490332 0.00503989 0.00642102 0.00577463 0.00426276 0.00387662 0.00312419 0.0026221 0.00271059 0.00228477 0.00202609 0.00238142 0.00196104 0.00301358 0.00374218 0.00303358 0.00212748 0.0019009 0.00169637 0.00174891 0.00182207 0.00197836 0.0025001 0.00263127 0.00190505 0.00179898 0.00183552 0.00159414 0.00168854 0.0015923 0.00143992 0.00154285 0.00159179 0.00158288 0.00162362 0.00165576 0.00184022 0.0015884 0.00152566 0.00176517 0.00180504 0.00206446 0.00166361 0.00153883 0.0013729 0.00127437 0.00121713 0.00132469 0.00167223 0.00171628 0.00170284 0.00131592 0.00114307 0.00132184 0.00123908 0.00126286 0.00123392 0.00109284 0.00100354 0.000834222 
</GradientNormHistory>
<ValidationErrorHistory>
0 0 0 0 0 0 0 0 0 0 0 0 0 0 0 0 0 0 0 0 0 0 0 0 0 0 0 0 0 0 0 0 0 0 0 0 0 0 0 0 0 0 0 0 0 0 0 0 0 0 0 0 0 0 0 0 0 0 0 0 0 0 0 0 0 0 0 0 0 0 0 0 0 0 0 0 0 0 0 0 0 0 0 0 0 0 0 0 0 0 0 0 0 0 0 0 0 0 0 0 0 0 0 0 0 0 0 0 0 0 0 0 0 0 0 0 0 0 0 0 0 0 0 0 0 0 0 0 0 0 0 0 0 0 0 0 0 0 0 0 0 0 0 0 0 0 0 0 0 0 0 0 0 0 0 0 0 0 0 0 0 0 0 0 0 0 0 0 0 0 0 0 0 0 0 0 0 0 0 0 0 0 0 0 0 0 0 0 0 0 0 0 0 0 0 0 0 0 0 0 0 0 0 0 0 0 0 
</ValidationErrorHistory>
