% Automobile problem: 
% Final position: 0.0660666
% Final position error: 0.933933
% Final velocity: 0.0678003
% Final velocity error: -0.0678003
% Final time: 1.95024
% Column data:
%  1 - Time
%  2 - Position
%  3 - Velocity
%  4 - Acceleration
0 0 0 0.0950485
0.00195024 1.20167e-007 0.000153982 0.094602
0.00390049 6.00147e-007 0.000338128 0.094242
0.00585073 1.43857e-006 0.000521572 0.0938827
0.00780097 2.63408e-006 0.000704317 0.0935241
0.00975122 4.1853e-006 0.000886362 0.0931662
0.0117015 6.09087e-006 0.00106771 0.0928091
0.0136517 8.34944e-006 0.00124836 0.0924527
0.0156019 1.09596e-005 0.00142832 0.092097
0.0175522 1.39201e-005 0.00160759 0.0917421
0.0195024 1.72296e-005 0.00178616 0.0913878
0.0214527 2.08866e-005 0.00196405 0.0910343
0.0234029 2.48899e-005 0.00214124 0.0906815
0.0253532 2.9238e-005 0.00231775 0.0903294
0.0273034 3.39298e-005 0.00249357 0.0899781
0.0292537 3.89637e-005 0.00266871 0.0896274
0.0312039 4.43386e-005 0.00284316 0.0892775
0.0331541 5.0053e-005 0.00301693 0.0889283
0.0351044 5.61056e-005 0.00319003 0.0885799
0.0370546 6.24952e-005 0.00336244 0.0882321
0.0390049 6.92203e-005 0.00353417 0.0878851
0.0409551 7.62798e-005 0.00370523 0.0875388
0.0429054 8.36721e-005 0.00387562 0.0871932
0.0448556 9.13961e-005 0.00404533 0.0868483
0.0468058 9.94504e-005 0.00421437 0.0865042
0.0487561 0.000107834 0.00438274 0.0861608
0.0507063 0.000116545 0.00455044 0.0858181
0.0526566 0.000125582 0.00471747 0.0854761
0.0546068 0.000134945 0.00488384 0.0851349
0.0565571 0.000144631 0.00504954 0.0847943
0.0585073 0.00015464 0.00521458 0.0844545
0.0604575 0.00016497 0.00537896 0.0841155
0.0624078 0.00017562 0.00554267 0.0837771
0.064358 0.000186589 0.00570573 0.0834395
0.0663083 0.000197875 0.00586813 0.0831025
0.0682585 0.000209477 0.00602987 0.0827663
0.0702088 0.000221394 0.00619096 0.0824309
0.072159 0.000233624 0.00635139 0.0820961
0.0741092 0.000246167 0.00651117 0.0817621
0.0760595 0.000259021 0.0066703 0.0814288
0.0780097 0.000272184 0.00682878 0.0810962
0.07996 0.000285656 0.00698662 0.0807643
0.0819102 0.000299435 0.00714381 0.0804332
0.0838605 0.00031352 0.00730035 0.0801027
0.0858107 0.000327909 0.00745625 0.079773
0.087761 0.000342602 0.0076115 0.079444
0.0897112 0.000357597 0.00776612 0.0791158
0.0916614 0.000372893 0.00792009 0.0787883
0.0936117 0.000388489 0.00807343 0.0784614
0.0955619 0.000404383 0.00822613 0.0781353
0.0975122 0.000420575 0.0083782 0.07781
0.0994624 0.000437062 0.00852963 0.0774853
0.101413 0.000453844 0.00868043 0.0771614
0.103363 0.000470919 0.0088306 0.0768382
0.105313 0.000488287 0.00898014 0.0765157
0.107263 0.000505946 0.00912905 0.0761939
0.109214 0.000523895 0.00927733 0.0758729
0.111164 0.000542132 0.00942499 0.0755526
0.113114 0.000560656 0.00957202 0.075233
0.115064 0.000579467 0.00971843 0.0749141
0.117015 0.000598562 0.00986422 0.074596
0.118965 0.000617942 0.0100094 0.0742785
0.120915 0.000637603 0.0101539 0.0739618
0.122865 0.000657547 0.0102979 0.0736458
0.124816 0.00067777 0.0104412 0.0733306
0.126766 0.000698272 0.0105839 0.073016
0.128716 0.000719052 0.010726 0.0727022
0.130666 0.000740108 0.0108675 0.0723891
0.132617 0.00076144 0.0110084 0.0720767
0.134567 0.000783046 0.0111486 0.0717651
0.136517 0.000804925 0.0112883 0.0714541
0.138467 0.000827075 0.0114273 0.0711439
0.140418 0.000849496 0.0115658 0.0708344
0.142368 0.000872187 0.0117036 0.0705256
0.144318 0.000895146 0.0118409 0.0702176
0.146268 0.000918372 0.0119775 0.0699103
0.148218 0.000941863 0.0121135 0.0696037
0.150169 0.00096562 0.012249 0.0692978
0.152119 0.00098964 0.0123838 0.0689926
0.154069 0.00101392 0.0125181 0.0686882
0.156019 0.00103847 0.0126518 0.0683845
0.15797 0.00106327 0.0127848 0.0680815
0.15992 0.00108833 0.0129173 0.0677792
0.16187 0.00111365 0.0130492 0.0674777
0.16382 0.00113923 0.0131805 0.0671768
0.165771 0.00116506 0.0133112 0.0668767
0.167721 0.00119115 0.0134414 0.0665773
0.169671 0.00121749 0.0135709 0.0662787
0.171621 0.00124408 0.0136999 0.0659807
0.173572 0.00127093 0.0138283 0.0656835
0.175522 0.00129802 0.0139561 0.065387
0.177472 0.00132536 0.0140833 0.0650912
0.179422 0.00135295 0.01421 0.0647962
0.181373 0.00138079 0.014336 0.0645018
0.183323 0.00140887 0.0144616 0.0642082
0.185273 0.00143719 0.0145865 0.0639153
0.187223 0.00146576 0.0147109 0.0636232
0.189174 0.00149457 0.0148346 0.0633317
0.191124 0.00152362 0.0149579 0.063041
0.193074 0.00155292 0.0150805 0.062751
0.195024 0.00158245 0.0152026 0.0624617
0.196975 0.00161221 0.0153242 0.0621732
0.198925 0.00164222 0.0154451 0.0618853
0.200875 0.00167246 0.0155656 0.0615982
0.202825 0.00170293 0.0156854 0.0613118
0.204776 0.00173364 0.0158047 0.0610262
0.206726 0.00176458 0.0159234 0.0607412
0.208676 0.00179575 0.0160416 0.060457
0.210626 0.00182715 0.0161593 0.0601735
0.212577 0.00185877 0.0162763 0.0598907
0.214527 0.00189063 0.0163929 0.0596086
0.216477 0.00192271 0.0165088 0.0593273
0.218427 0.00195502 0.0166243 0.0590467
0.220378 0.00198756 0.0167391 0.0587668
0.222328 0.00202031 0.0168535 0.0584876
0.224278 0.00205329 0.0169673 0.0582092
0.226228 0.00208649 0.0170805 0.0579315
0.228178 0.00211991 0.0171932 0.0576544
0.230129 0.00215356 0.0173054 0.0573782
0.232079 0.00218741 0.017417 0.0571026
0.234029 0.00222149 0.0175281 0.0568278
0.235979 0.00225578 0.0176387 0.0565536
0.23793 0.00229029 0.0177487 0.0562802
0.23988 0.00232501 0.0178582 0.0560076
0.24183 0.00235994 0.0179672 0.0557356
0.24378 0.00239509 0.0180756 0.0554644
0.245731 0.00243045 0.0181835 0.0551939
0.247681 0.00246601 0.0182909 0.0549241
0.249631 0.00250179 0.0183978 0.054655
0.251581 0.00253777 0.0185041 0.0543867
0.253532 0.00257397 0.0186099 0.0541191
0.255482 0.00261036 0.0187152 0.0538522
0.257432 0.00264696 0.0188199 0.053586
0.259382 0.00268377 0.0189242 0.0533205
0.261333 0.00272078 0.0190279 0.0530558
0.263283 0.00275799 0.0191311 0.0527918
0.265233 0.0027954 0.0192338 0.0525285
0.267183 0.00283301 0.019336 0.0522659
0.269134 0.00287082 0.0194377 0.0520041
0.271084 0.00290882 0.0195389 0.051743
0.273034 0.00294703 0.0196395 0.0514826
0.274984 0.00298543 0.0197397 0.0512229
0.276935 0.00302402 0.0198393 0.0509639
0.278885 0.00306281 0.0199385 0.0507057
0.280835 0.00310179 0.0200371 0.0504482
0.282785 0.00314096 0.0201352 0.0501914
0.284736 0.00318033 0.0202329 0.0499353
0.286686 0.00321988 0.02033 0.04968
0.288636 0.00325962 0.0204266 0.0494253
0.290586 0.00329955 0.0205228 0.0491714
0.292537 0.00333967 0.0206184 0.0489183
0.294487 0.00337998 0.0207136 0.0486658
0.296437 0.00342047 0.0208083 0.0484141
0.298387 0.00346114 0.0209024 0.048163
0.300337 0.00350199 0.0209961 0.0479127
0.302288 0.00354303 0.0210893 0.0476632
0.304238 0.00358425 0.021182 0.0474143
0.306188 0.00362565 0.0212742 0.0471662
0.308138 0.00366723 0.021366 0.0469188
0.310089 0.00370899 0.0214573 0.0466721
0.312039 0.00375093 0.021548 0.0464262
0.313989 0.00379304 0.0216383 0.0461809
0.315939 0.00383533 0.0217282 0.0459364
0.31789 0.00387779 0.0218175 0.0456926
0.31984 0.00392042 0.0219064 0.0454495
0.32179 0.00396323 0.0219948 0.0452072
0.32374 0.00400621 0.0220827 0.0449655
0.325691 0.00404937 0.0221702 0.0447246
0.327641 0.00409269 0.0222572 0.0444845
0.329591 0.00413618 0.0223437 0.044245
0.331541 0.00417984 0.0224297 0.0440063
0.333492 0.00422367 0.0225153 0.0437682
0.335442 0.00426766 0.0226005 0.0435309
0.337392 0.00431182 0.0226851 0.0432944
0.339342 0.00435614 0.0227693 0.0430585
0.341293 0.00440063 0.0228531 0.0428234
0.343243 0.00444528 0.0229364 0.042589
0.345193 0.00449009 0.0230192 0.0423553
0.347143 0.00453507 0.0231016 0.0421223
0.349094 0.0045802 0.0231835 0.0418901
0.351044 0.00462549 0.023265 0.0416586
0.352994 0.00467094 0.023346 0.0414278
0.354944 0.00471655 0.0234266 0.0411977
0.356895 0.00476232 0.0235067 0.0409683
0.358845 0.00480824 0.0235864 0.0407397
0.360795 0.00485432 0.0236656 0.0405118
0.362745 0.00490055 0.0237444 0.0402846
0.364696 0.00494693 0.0238227 0.0400581
0.366646 0.00499347 0.0239006 0.0398324
0.368596 0.00504015 0.0239781 0.0396074
0.370546 0.00508699 0.0240551 0.0393831
0.372496 0.00513398 0.0241317 0.0391595
0.374447 0.00518112 0.0242078 0.0389366
0.376397 0.0052284 0.0242836 0.0387145
0.378347 0.00527584 0.0243589 0.0384931
0.380297 0.00532341 0.0244337 0.0382724
0.382248 0.00537114 0.0245081 0.0380524
0.384198 0.00541901 0.0245821 0.0378332
0.386148 0.00546702 0.0246557 0.0376147
0.388098 0.00551518 0.0247288 0.0373969
0.390049 0.00556348 0.0248016 0.0371798
0.391999 0.00561191 0.0248739 0.0369634
0.393949 0.00566049 0.0249457 0.0367478
0.395899 0.00570921 0.0250172 0.0365329
0.39785 0.00575807 0.0250882 0.0363187
0.3998 0.00580707 0.0251589 0.0361052
0.40175 0.00585621 0.0252291 0.0358925
0.4037 0.00590548 0.0252989 0.0356805
0.405651 0.00595488 0.0253682 0.0354692
0.407601 0.00600442 0.0254372 0.0352586
0.409551 0.0060541 0.0255058 0.0350487
0.411501 0.00610391 0.0255739 0.0348396
0.413452 0.00615385 0.0256417 0.0346312
0.415402 0.00620392 0.025709 0.0344235
0.417352 0.00625413 0.0257759 0.0342165
0.419302 0.00630446 0.0258425 0.0340103
0.421253 0.00635493 0.0259086 0.0338047
0.423203 0.00640552 0.0259743 0.0335999
0.425153 0.00645624 0.0260396 0.0333959
0.427103 0.00650709 0.0261046 0.0331925
0.429054 0.00655806 0.0261691 0.0329899
0.431004 0.00660916 0.0262333 0.0327879
0.432954 0.00666038 0.026297 0.0325868
0.434904 0.00671173 0.0263604 0.0323863
0.436855 0.0067632 0.0264233 0.0321865
0.438805 0.00681479 0.0264859 0.0319875
0.440755 0.00686651 0.0265481 0.0317892
0.442705 0.00691834 0.0266099 0.0315916
0.444655 0.0069703 0.0266713 0.0313948
0.446606 0.00702237 0.0267324 0.0311986
0.448556 0.00707457 0.026793 0.0310032
0.450506 0.00712688 0.0268533 0.0308085
0.452456 0.00717931 0.0269132 0.0306146
0.454407 0.00723185 0.0269727 0.0304213
0.456357 0.00728451 0.0270318 0.0302288
0.458307 0.00733729 0.0270906 0.030037
0.460257 0.00739018 0.027149 0.0298459
0.462208 0.00744318 0.027207 0.0296555
0.464158 0.0074963 0.0272647 0.0294659
0.466108 0.00754953 0.0273219 0.029277
0.468058 0.00760287 0.0273789 0.0290888
0.470009 0.00765632 0.0274354 0.0289013
0.471959 0.00770988 0.0274916 0.0287146
0.473909 0.00776355 0.0275474 0.0285285
0.475859 0.00781733 0.0276029 0.0283432
0.47781 0.00787121 0.027658 0.0281587
0.47976 0.00792521 0.0277127 0.0279748
0.48171 0.00797931 0.0277671 0.0277917
0.48366 0.00803351 0.0278211 0.0276092
0.485611 0.00808782 0.0278748 0.0274276
0.487561 0.00814224 0.0279281 0.0272466
0.489511 0.00819676 0.027981 0.0270663
0.491461 0.00825138 0.0280337 0.0268868
0.493412 0.0083061 0.0280859 0.026708
0.495362 0.00836093 0.0281378 0.0265299
0.497312 0.00841585 0.0281894 0.0263526
0.499262 0.00847088 0.0282406 0.0261759
0.501213 0.008526 0.0282915 0.026
0.503163 0.00858123 0.028342 0.0258248
0.505113 0.00863655 0.0283922 0.0256503
0.507063 0.00869197 0.0284421 0.0254766
0.509014 0.00874749 0.0284916 0.0253036
0.510964 0.0088031 0.0285408 0.0251313
0.512914 0.00885881 0.0285896 0.0249597
0.514864 0.00891462 0.0286381 0.0247888
0.516814 0.00897051 0.0286863 0.0246187
0.518765 0.00902651 0.0287342 0.0244493
0.520715 0.00908259 0.0287817 0.0242806
0.522665 0.00913877 0.0288289 0.0241126
0.524615 0.00919504 0.0288757 0.0239454
0.526566 0.0092514 0.0289223 0.0237788
0.528516 0.00930785 0.0289685 0.023613
0.530466 0.00936439 0.0290144 0.0234479
0.532416 0.00942102 0.0290599 0.0232836
0.534367 0.00947774 0.0291052 0.0231199
0.536317 0.00953454 0.0291501 0.022957
0.538267 0.00959144 0.0291947 0.0227948
0.540217 0.00964842 0.029239 0.0226334
0.542168 0.00970548 0.029283 0.0224726
0.544118 0.00976263 0.0293267 0.0223126
0.546068 0.00981987 0.02937 0.0221533
0.548018 0.00987719 0.0294131 0.0219947
0.549969 0.0099346 0.0294558 0.0218369
0.551919 0.00999208 0.0294983 0.0216797
0.553869 0.0100497 0.0295404 0.0215233
0.555819 0.0101073 0.0295822 0.0213676
0.55777 0.010165 0.0296237 0.0212126
0.55972 0.0102229 0.029665 0.0210584
0.56167 0.0102807 0.0297059 0.0209049
0.56362 0.0103387 0.0297465 0.0207521
0.565571 0.0103968 0.0297868 0.0206
0.567521 0.0104549 0.0298269 0.0204486
0.569471 0.0105131 0.0298666 0.020298
0.571421 0.0105714 0.029906 0.0201481
0.573372 0.0106298 0.0299452 0.0199989
0.575322 0.0106882 0.029984 0.0198504
0.577272 0.0107467 0.0300226 0.0197027
0.579222 0.0108053 0.0300609 0.0195556
0.581173 0.010864 0.0300989 0.0194093
0.583123 0.0109227 0.0301366 0.0192638
0.585073 0.0109815 0.030174 0.0191189
0.587023 0.0110404 0.0302112 0.0189748
0.588973 0.0110993 0.030248 0.0188313
0.590924 0.0111584 0.0302846 0.0186887
0.592874 0.0112175 0.0303209 0.0185467
0.594824 0.0112766 0.030357 0.0184054
0.596774 0.0113359 0.0303927 0.0182649
0.598725 0.0113952 0.0304282 0.0181251
0.600675 0.0114546 0.0304634 0.017986
0.602625 0.011514 0.0304984 0.0178477
0.604575 0.0115735 0.030533 0.01771
0.606526 0.0116331 0.0305674 0.0175731
0.608476 0.0116927 0.0306016 0.0174369
0.610426 0.0117525 0.0306354 0.0173015
0.612376 0.0118122 0.0306691 0.0171667
0.614327 0.0118721 0.0307024 0.0170327
0.616277 0.011932 0.0307355 0.0168994
0.618227 0.011992 0.0307683 0.0167668
0.620177 0.012052 0.0308009 0.016635
0.622128 0.0121121 0.0308332 0.0165038
0.624078 0.0121723 0.0308653 0.0163734
0.626028 0.0122325 0.0308971 0.0162437
0.627978 0.0122928 0.0309286 0.0161148
0.629929 0.0123531 0.0309599 0.0159865
0.631879 0.0124135 0.030991 0.015859
0.633829 0.012474 0.0310218 0.0157322
0.635779 0.0125345 0.0310523 0.0156061
0.63773 0.0125951 0.0310827 0.0154808
0.63968 0.0126558 0.0311127 0.0153561
0.64163 0.0127165 0.0311426 0.0152322
0.64358 0.0127773 0.0311721 0.015109
0.645531 0.0128381 0.0312015 0.0149866
0.647481 0.012899 0.0312306 0.0148648
0.649431 0.0129599 0.0312595 0.0147438
0.651381 0.0130209 0.0312881 0.0146235
0.653332 0.0130819 0.0313165 0.0145039
0.655282 0.013143 0.0313447 0.0143851
0.657232 0.0132042 0.0313726 0.0142669
0.659182 0.0132654 0.0314003 0.0141495
0.661133 0.0133267 0.0314278 0.0140328
0.663083 0.013388 0.0314551 0.0139169
0.665033 0.0134494 0.0314821 0.0138016
0.666983 0.0135108 0.0315089 0.0136871
0.668933 0.0135723 0.0315355 0.0135733
0.670884 0.0136338 0.0315618 0.0134603
0.672834 0.0136954 0.031588 0.0133479
0.674784 0.013757 0.0316139 0.0132363
0.676734 0.0138187 0.0316396 0.0131254
0.678685 0.0138804 0.0316651 0.0130152
0.680635 0.0139422 0.0316904 0.0129057
0.682585 0.014004 0.0317154 0.012797
0.684535 0.0140659 0.0317403 0.012689
0.686486 0.0141278 0.0317649 0.0125817
0.688436 0.0141898 0.0317894 0.0124751
0.690386 0.0142518 0.0318136 0.0123692
0.692336 0.0143139 0.0318376 0.0122641
0.694287 0.014376 0.0318614 0.0121597
0.696237 0.0144381 0.031885 0.012056
0.698187 0.0145004 0.0319085 0.0119531
0.700137 0.0145626 0.0319317 0.0118508
0.702088 0.0146249 0.0319547 0.0117493
0.704038 0.0146872 0.0319775 0.0116485
0.705988 0.0147496 0.0320001 0.0115484
0.707938 0.0148121 0.0320225 0.0114491
0.709889 0.0148745 0.0320448 0.0113505
0.711839 0.014937 0.0320668 0.0112526
0.713789 0.0149996 0.0320887 0.0111554
0.715739 0.0150622 0.0321103 0.0110589
0.71769 0.0151249 0.0321318 0.0109632
0.71964 0.0151875 0.0321531 0.0108682
0.72159 0.0152503 0.0321742 0.0107739
0.72354 0.015313 0.0321951 0.0106803
0.725491 0.0153758 0.0322159 0.0105875
0.727441 0.0154387 0.0322364 0.0104953
0.729391 0.0155016 0.0322568 0.0104039
0.731341 0.0155645 0.032277 0.0103133
0.733292 0.0156275 0.032297 0.0102233
0.735242 0.0156905 0.0323169 0.0101341
0.737192 0.0157535 0.0323365 0.0100456
0.739142 0.0158166 0.0323561 0.00995776
0.741092 0.0158797 0.0323754 0.00987069
0.743043 0.0159429 0.0323946 0.00978435
0.744993 0.0160061 0.0324136 0.00969873
0.746943 0.0160693 0.0324324 0.00961383
0.748893 0.0161326 0.0324511 0.00952965
0.750844 0.0161959 0.0324696 0.0094462
0.752794 0.0162592 0.0324879 0.00936346
0.754744 0.0163226 0.0325061 0.00928145
0.756694 0.016386 0.0325241 0.00920017
0.758645 0.0164495 0.032542 0.0091196
0.760595 0.016513 0.0325597 0.00903976
0.762545 0.0165765 0.0325772 0.00896064
0.764495 0.01664 0.0325946 0.00888224
0.766446 0.0167036 0.0326119 0.00880457
0.768396 0.0167672 0.032629 0.00872761
0.770346 0.0168309 0.0326459 0.00865138
0.772296 0.0168946 0.0326627 0.00857588
0.774247 0.0169583 0.0326794 0.00850109
0.776197 0.017022 0.0326959 0.00842703
0.778147 0.0170858 0.0327122 0.00835369
0.780097 0.0171496 0.0327285 0.00828107
0.782048 0.0172135 0.0327445 0.00820918
0.783998 0.0172773 0.0327605 0.008138
0.785948 0.0173412 0.0327763 0.00806755
0.787898 0.0174052 0.0327919 0.00799783
0.789849 0.0174691 0.0328075 0.00792882
0.791799 0.0175331 0.0328229 0.00786054
0.793749 0.0175972 0.0328381 0.00779298
0.795699 0.0176612 0.0328533 0.00772614
0.79765 0.0177253 0.0328683 0.00766003
0.7996 0.0177894 0.0328831 0.00759463
0.80155 0.0178536 0.0328979 0.00752996
0.8035 0.0179177 0.0329125 0.00746602
0.805451 0.017982 0.032927 0.00740279
0.807401 0.0180462 0.0329414 0.00734029
0.809351 0.0181104 0.0329556 0.00727851
0.811301 0.0181747 0.0329698 0.00721745
0.813251 0.018239 0.0329838 0.00715712
0.815202 0.0183034 0.0329977 0.00709751
0.817152 0.0183677 0.0330115 0.00703862
0.819102 0.0184321 0.0330252 0.00698045
0.821052 0.0184966 0.0330387 0.00692301
0.823003 0.018561 0.0330522 0.00686628
0.824953 0.0186255 0.0330655 0.00681028
0.826903 0.01869 0.0330787 0.00675501
0.828853 0.0187545 0.0330918 0.00670045
0.830804 0.018819 0.0331049 0.00664662
0.832754 0.0188836 0.0331178 0.00659351
0.834704 0.0189482 0.0331306 0.00654113
0.836654 0.0190128 0.0331433 0.00648946
0.838605 0.0190775 0.0331559 0.00643852
0.840555 0.0191422 0.0331684 0.0063883
0.842505 0.0192069 0.0331808 0.00633881
0.844455 0.0192716 0.0331931 0.00629003
0.846406 0.0193363 0.0332053 0.00624198
0.848356 0.0194011 0.0332175 0.00619465
0.850306 0.0194659 0.0332295 0.00614805
0.852256 0.0195307 0.0332415 0.00610216
0.854207 0.0195956 0.0332533 0.006057
0.856157 0.0196604 0.0332651 0.00601256
0.858107 0.0197253 0.0332768 0.00596885
0.860057 0.0197902 0.0332884 0.00592585
0.862008 0.0198552 0.0332999 0.00588358
0.863958 0.0199201 0.0333113 0.00584204
0.865908 0.0199851 0.0333227 0.00580121
0.867858 0.0200501 0.0333339 0.00576111
0.869809 0.0201151 0.0333451 0.00572173
0.871759 0.0201801 0.0333563 0.00568307
0.873709 0.0202452 0.0333673 0.00564513
0.875659 0.0203103 0.0333783 0.00560792
0.87761 0.0203754 0.0333892 0.00557143
0.87956 0.0204405 0.0334 0.00553567
0.88151 0.0205057 0.0334108 0.00550062
0.88346 0.0205708 0.0334215 0.0054663
0.88541 0.020636 0.0334321 0.0054327
0.887361 0.0207012 0.0334427 0.00539982
0.889311 0.0207665 0.0334532 0.00536767
0.891261 0.0208317 0.0334636 0.00533624
0.893211 0.020897 0.033474 0.00530553
0.895162 0.0209623 0.0334843 0.00527554
0.897112 0.0210276 0.0334945 0.00524628
0.899062 0.0210929 0.0335047 0.00521774
0.901012 0.0211583 0.0335149 0.00518992
0.902963 0.0212237 0.033525 0.00516282
0.904913 0.0212891 0.033535 0.00513645
0.906863 0.0213545 0.033545 0.0051108
0.908813 0.0214199 0.033555 0.00508587
0.910764 0.0214853 0.0335649 0.00506167
0.912714 0.0215508 0.0335747 0.00503818
0.914664 0.0216163 0.0335845 0.00501542
0.916614 0.0216818 0.0335943 0.00499339
0.918565 0.0217473 0.033604 0.00497207
0.920515 0.0218129 0.0336137 0.00495148
0.922465 0.0218784 0.0336233 0.00493161
0.924415 0.021944 0.0336329 0.00491246
0.926366 0.0220096 0.0336425 0.00489404
0.928316 0.0220753 0.033652 0.00487634
0.930266 0.0221409 0.0336615 0.00485936
0.932216 0.0222066 0.033671 0.0048431
0.934167 0.0222722 0.0336804 0.00482757
0.936117 0.0223379 0.0336898 0.00481276
0.938067 0.0224036 0.0336992 0.00479867
0.940017 0.0224694 0.0337085 0.00478531
0.941968 0.0225351 0.0337178 0.00477266
0.943918 0.0226009 0.0337271 0.00476074
0.945868 0.0226667 0.0337364 0.00474955
0.947818 0.0227325 0.0337456 0.00473907
0.949769 0.0227983 0.0337549 0.00472932
0.951719 0.0228641 0.0337641 0.00472029
0.953669 0.02293 0.0337733 0.00471198
0.955619 0.0229959 0.0337825 0.0047044
0.957569 0.0230618 0.0337916 0.00469754
0.95952 0.0231277 0.0338008 0.0046914
0.96147 0.0231936 0.0338099 0.00468598
0.96342 0.0232595 0.0338191 0.00468129
0.96537 0.0233255 0.0338282 0.00467732
0.967321 0.0233915 0.0338373 0.00467407
0.969271 0.0234575 0.0338464 0.00467155
0.971221 0.0235235 0.0338555 0.00466974
0.973171 0.0235895 0.0338646 0.00466866
0.975122 0.0236556 0.0338738 0.00466831
0.977072 0.0237217 0.0338829 0.00466867
0.979022 0.0237878 0.033892 0.00466976
0.980972 0.0238539 0.0339011 0.00467157
0.982923 0.02392 0.0339102 0.0046741
0.984873 0.0239861 0.0339193 0.00467736
0.986823 0.0240523 0.0339284 0.00468134
0.988773 0.0241185 0.0339376 0.00468604
0.990724 0.0241847 0.0339467 0.00469147
0.992674 0.0242509 0.0339559 0.00469761
0.994624 0.0243171 0.033965 0.00470448
0.996574 0.0243834 0.0339742 0.00471208
0.998525 0.0244496 0.0339834 0.00472039
1.00047 0.0245159 0.0339926 0.00472943
1.00243 0.0245822 0.0340019 0.00473919
1.00438 0.0246485 0.0340111 0.00474967
1.00633 0.0247149 0.0340204 0.00476088
1.00828 0.0247812 0.0340297 0.00477281
1.01023 0.0248476 0.034039 0.00478546
1.01218 0.024914 0.0340483 0.00479884
1.01413 0.0249804 0.0340577 0.00481293
1.01608 0.0250468 0.0340671 0.00482775
1.01803 0.0251133 0.0340766 0.0048433
1.01998 0.0251797 0.034086 0.00485956
1.02193 0.0252462 0.0340955 0.00487655
1.02388 0.0253127 0.034105 0.00489426
1.02583 0.0253793 0.0341146 0.0049127
1.02778 0.0254458 0.0341242 0.00493185
1.02973 0.0255124 0.0341338 0.00495173
1.03168 0.0255789 0.0341435 0.00497233
1.03363 0.0256455 0.0341532 0.00499366
1.03558 0.0257122 0.034163 0.00501571
1.03753 0.0257788 0.0341728 0.00503848
1.03948 0.0258454 0.0341826 0.00506197
1.04143 0.0259121 0.0341925 0.00508618
1.04338 0.0259788 0.0342025 0.00511112
1.04533 0.0260455 0.0342125 0.00513678
1.04728 0.0261123 0.0342225 0.00516317
1.04923 0.026179 0.0342326 0.00519028
1.05118 0.0262458 0.0342428 0.00521811
1.05313 0.0263126 0.034253 0.00524666
1.05508 0.0263794 0.0342632 0.00527593
1.05703 0.0264462 0.0342735 0.00530593
1.05898 0.0265131 0.0342839 0.00533665
1.06093 0.0265799 0.0342944 0.0053681
1.06288 0.0266468 0.0343049 0.00540026
1.06483 0.0267137 0.0343154 0.00543315
1.06678 0.0267807 0.0343261 0.00546676
1.06873 0.0268476 0.0343368 0.0055011
1.07068 0.0269146 0.0343475 0.00553616
1.07263 0.0269816 0.0343583 0.00557194
1.07458 0.0270486 0.0343693 0.00560844
1.07653 0.0271157 0.0343802 0.00564567
1.07848 0.0271827 0.0343913 0.00568361
1.08043 0.0272498 0.0344024 0.00572229
1.08239 0.0273169 0.0344136 0.00576168
1.08434 0.027384 0.0344249 0.0058018
1.08629 0.0274512 0.0344362 0.00584264
1.08824 0.0275184 0.0344477 0.0058842
1.09019 0.0275855 0.0344592 0.00592649
1.09214 0.0276528 0.0344708 0.0059695
1.09409 0.02772 0.0344825 0.00601323
1.09604 0.0277873 0.0344942 0.00605768
1.09799 0.0278545 0.0345061 0.00610286
1.09994 0.0279219 0.034518 0.00614876
1.10189 0.0279892 0.0345301 0.00619538
1.10384 0.0280565 0.0345422 0.00624273
1.10579 0.0281239 0.0345544 0.00629079
1.10774 0.0281913 0.0345667 0.00633958
1.10969 0.0282587 0.0345792 0.0063891
1.11164 0.0283262 0.0345917 0.00643934
1.11359 0.0283937 0.0346043 0.0064903
1.11554 0.0284612 0.034617 0.00654198
1.11749 0.0285287 0.0346298 0.00659438
1.11944 0.0285962 0.0346427 0.00664751
1.12139 0.0286638 0.0346557 0.00670136
1.12334 0.0287314 0.0346688 0.00675594
1.12529 0.028799 0.0346821 0.00681123
1.12724 0.0288667 0.0346954 0.00686725
1.12919 0.0289344 0.0347089 0.00692399
1.13114 0.0290021 0.0347224 0.00698146
1.13309 0.0290698 0.0347361 0.00703965
1.13504 0.0291376 0.0347499 0.00709856
1.13699 0.0292053 0.0347638 0.00715819
1.13894 0.0292732 0.0347778 0.00721855
1.14089 0.029341 0.0347919 0.00727963
1.14284 0.0294089 0.0348062 0.00734143
1.14479 0.0294768 0.0348206 0.00740396
1.14674 0.0295447 0.0348351 0.00746721
1.14869 0.0296126 0.0348497 0.00753118
1.15064 0.0296806 0.0348644 0.00759587
1.15259 0.0297486 0.0348793 0.00766129
1.15454 0.0298167 0.0348943 0.00772743
1.15649 0.0298847 0.0349095 0.00779429
1.15844 0.0299528 0.0349247 0.00786188
1.16039 0.0300209 0.0349401 0.00793018
1.16235 0.0300891 0.0349557 0.00799921
1.1643 0.0301573 0.0349713 0.00806897
1.16625 0.0302255 0.0349871 0.00813945
1.1682 0.0302938 0.0350031 0.00821065
1.17015 0.030362 0.0350192 0.00828257
1.1721 0.0304303 0.0350354 0.00835521
1.17405 0.0304987 0.0350518 0.00842858
1.176 0.0305671 0.0350683 0.00850267
1.17795 0.0306355 0.0350849 0.00857749
1.1799 0.0307039 0.0351017 0.00865303
1.18185 0.0307724 0.0351187 0.00872929
1.1838 0.0308409 0.0351358 0.00880627
1.18575 0.0309094 0.035153 0.00888398
1.1877 0.030978 0.0351704 0.00896241
1.18965 0.0310466 0.035188 0.00904156
1.1916 0.0311153 0.0352057 0.00912143
1.19355 0.0311839 0.0352236 0.00920203
1.1955 0.0312526 0.0352416 0.00928335
1.19745 0.0313214 0.0352598 0.00936539
1.1994 0.0313902 0.0352781 0.00944816
1.20135 0.031459 0.0352966 0.00953165
1.2033 0.0315279 0.0353153 0.00961586
1.20525 0.0315967 0.0353341 0.0097008
1.2072 0.0316657 0.0353531 0.00978646
1.20915 0.0317346 0.0353723 0.00987284
1.2111 0.0318036 0.0353916 0.00995994
1.21305 0.0318727 0.0354111 0.0100478
1.215 0.0319418 0.0354308 0.0101363
1.21695 0.0320109 0.0354507 0.0102256
1.2189 0.03208 0.0354707 0.0103156
1.22085 0.0321492 0.0354909 0.0104063
1.2228 0.0322185 0.0355113 0.0104977
1.22475 0.0322877 0.0355319 0.0105899
1.2267 0.0323571 0.0355526 0.0106828
1.22865 0.0324264 0.0355735 0.0107764
1.2306 0.0324958 0.0355946 0.0108707
1.23255 0.0325653 0.0356159 0.0109658
1.2345 0.0326347 0.0356374 0.0110616
1.23645 0.0327043 0.0356591 0.0111581
1.2384 0.0327738 0.0356809 0.0112553
1.24035 0.0328434 0.035703 0.0113533
1.24231 0.0329131 0.0357252 0.0114519
1.24426 0.0329828 0.0357477 0.0115513
1.24621 0.0330525 0.0357703 0.0116514
1.24816 0.0331223 0.0357931 0.0117523
1.25011 0.0331921 0.0358161 0.0118538
1.25206 0.033262 0.0358393 0.0119561
1.25401 0.0333319 0.0358628 0.0120591
1.25596 0.0334019 0.0358864 0.0121629
1.25791 0.0334719 0.0359102 0.0122673
1.25986 0.0335419 0.0359342 0.0123725
1.26181 0.0336121 0.0359585 0.0124784
1.26376 0.0336822 0.0359829 0.012585
1.26571 0.0337524 0.0360075 0.0126924
1.26766 0.0338227 0.0360324 0.0128004
1.26961 0.0338929 0.0360575 0.0129092
1.27156 0.0339633 0.0360828 0.0130188
1.27351 0.0340337 0.0361083 0.013129
1.27546 0.0341041 0.036134 0.01324
1.27741 0.0341746 0.0361599 0.0133516
1.27936 0.0342452 0.036186 0.013464
1.28131 0.0343158 0.0362124 0.0135772
1.28326 0.0343864 0.036239 0.013691
1.28521 0.0344571 0.0362658 0.0138056
1.28716 0.0345279 0.0362929 0.0139209
1.28911 0.0345987 0.0363201 0.0140369
1.29106 0.0346695 0.0363476 0.0141537
1.29301 0.0347405 0.0363753 0.0142711
1.29496 0.0348114 0.0364033 0.0143893
1.29691 0.0348824 0.0364315 0.0145083
1.29886 0.0349535 0.0364599 0.0146279
1.30081 0.0350247 0.0364885 0.0147483
1.30276 0.0350958 0.0365174 0.0148693
1.30471 0.0351671 0.0365465 0.0149911
1.30666 0.0352384 0.0365759 0.0151137
1.30861 0.0353098 0.0366055 0.0152369
1.31056 0.0353812 0.0366353 0.0153609
1.31251 0.0354527 0.0366654 0.0154856
1.31446 0.0355242 0.0366957 0.015611
1.31641 0.0355958 0.0367263 0.0157372
1.31836 0.0356674 0.0367571 0.015864
1.32031 0.0357392 0.0367881 0.0159916
1.32227 0.0358109 0.0368195 0.01612
1.32422 0.0358828 0.036851 0.016249
1.32617 0.0359547 0.0368828 0.0163787
1.32812 0.0360266 0.0369149 0.0165092
1.33007 0.0360987 0.0369472 0.0166404
1.33202 0.0361707 0.0369798 0.0167724
1.33397 0.0362429 0.0370127 0.016905
1.33592 0.0363151 0.0370457 0.0170384
1.33787 0.0363874 0.0370791 0.0171725
1.33982 0.0364597 0.0371127 0.0173073
1.34177 0.0365321 0.0371466 0.0174429
1.34372 0.0366046 0.0371808 0.0175791
1.34567 0.0366772 0.0372152 0.0177161
1.34762 0.0367498 0.0372499 0.0178538
1.34957 0.0368225 0.0372848 0.0179923
1.35152 0.0368952 0.03732 0.0181314
1.35347 0.036968 0.0373555 0.0182713
1.35542 0.0370409 0.0373913 0.0184119
1.35737 0.0371139 0.0374274 0.0185533
1.35932 0.0371869 0.0374637 0.0186953
1.36127 0.03726 0.0375003 0.0188381
1.36322 0.0373332 0.0375372 0.0189816
1.36517 0.0374064 0.0375743 0.0191258
1.36712 0.0374797 0.0376118 0.0192708
1.36907 0.0375531 0.0376495 0.0194164
1.37102 0.0376266 0.0376875 0.0195628
1.37297 0.0377001 0.0377258 0.0197099
1.37492 0.0377737 0.0377644 0.0198578
1.37687 0.0378474 0.0378032 0.0200063
1.37882 0.0379212 0.0378424 0.0201556
1.38077 0.037995 0.0378819 0.0203056
1.38272 0.0380689 0.0379216 0.0204563
1.38467 0.0381429 0.0379617 0.0206078
1.38662 0.038217 0.038002 0.02076
1.38857 0.0382912 0.0380426 0.0209129
1.39052 0.0383654 0.0380836 0.0210665
1.39247 0.0384397 0.0381248 0.0212208
1.39442 0.0385141 0.0381663 0.0213759
1.39637 0.0385886 0.0382082 0.0215317
1.39832 0.0386631 0.0382503 0.0216882
1.40027 0.0387378 0.0382928 0.0218455
1.40222 0.0388125 0.0383355 0.0220034
1.40418 0.0388873 0.0383786 0.0221621
1.40613 0.0389622 0.038422 0.0223215
1.40808 0.0390372 0.0384657 0.0224816
1.41003 0.0391122 0.0385097 0.0226425
1.41198 0.0391874 0.038554 0.0228041
1.41393 0.0392626 0.0385986 0.0229664
1.41588 0.0393379 0.0386436 0.0231294
1.41783 0.0394133 0.0386888 0.0232931
1.41978 0.0394888 0.0387344 0.0234576
1.42173 0.0395644 0.0387803 0.0236228
1.42368 0.0396401 0.0388266 0.0237887
1.42563 0.0397159 0.0388731 0.0239554
1.42758 0.0397917 0.03892 0.0241227
1.42953 0.0398677 0.0389672 0.0242908
1.43148 0.0399437 0.0390147 0.0244596
1.43343 0.0400198 0.0390626 0.0246291
1.43538 0.0400961 0.0391108 0.0247994
1.43733 0.0401724 0.0391593 0.0249704
1.43928 0.0402488 0.0392082 0.0251421
1.44123 0.0403253 0.0392574 0.0253145
1.44318 0.0404019 0.0393069 0.0254876
1.44513 0.0404786 0.0393568 0.0256615
1.44708 0.0405554 0.039407 0.0258361
1.44903 0.0406323 0.0394576 0.0260114
1.45098 0.0407093 0.0395085 0.0261875
1.45293 0.0407864 0.0395597 0.0263642
1.45488 0.0408636 0.0396113 0.0265417
1.45683 0.040941 0.0396633 0.0267199
1.45878 0.0410184 0.0397156 0.0268989
1.46073 0.0410959 0.0397682 0.0270785
1.46268 0.0411735 0.0398212 0.0272589
1.46463 0.0412512 0.0398745 0.02744
1.46658 0.041329 0.0399282 0.0276218
1.46853 0.0414069 0.0399823 0.0278044
1.47048 0.041485 0.0400367 0.0279876
1.47243 0.0415631 0.0400914 0.0281716
1.47438 0.0416413 0.0401465 0.0283564
1.47633 0.0417197 0.040202 0.0285418
1.47828 0.0417981 0.0402579 0.028728
1.48023 0.0418767 0.0403141 0.0289148
1.48218 0.0419554 0.0403707 0.0291025
1.48414 0.0420342 0.0404276 0.0292908
1.48609 0.0421131 0.0404849 0.0294799
1.48804 0.0421921 0.0405426 0.0296696
1.48999 0.0422712 0.0406006 0.0298601
1.49194 0.0423504 0.040659 0.0300514
1.49389 0.0424298 0.0407178 0.0302433
1.49584 0.0425093 0.040777 0.030436
1.49779 0.0425888 0.0408366 0.0306294
1.49974 0.0426685 0.0408965 0.0308235
1.50169 0.0427484 0.0409568 0.0310183
1.50364 0.0428283 0.0410175 0.0312139
1.50559 0.0429083 0.0410785 0.0314102
1.50754 0.0429885 0.04114 0.0316072
1.50949 0.0430688 0.0412018 0.0318049
1.51144 0.0431492 0.041264 0.0320034
1.51339 0.0432298 0.0413266 0.0322026
1.51534 0.0433104 0.0413896 0.0324025
1.51729 0.0433912 0.041453 0.0326031
1.51924 0.0434721 0.0415168 0.0328045
1.52119 0.0435531 0.041581 0.0330066
1.52314 0.0436343 0.0416456 0.0332094
1.52509 0.0437156 0.0417105 0.0334129
1.52704 0.043797 0.0417759 0.0336171
1.52899 0.0438785 0.0418416 0.0338221
1.53094 0.0439602 0.0419078 0.0340278
1.53289 0.044042 0.0419744 0.0342342
1.53484 0.0441239 0.0420413 0.0344413
1.53679 0.044206 0.0421087 0.0346492
1.53874 0.0442882 0.0421765 0.0348578
1.54069 0.0443705 0.0422447 0.0350671
1.54264 0.0444529 0.0423133 0.0352771
1.54459 0.0445355 0.0423823 0.0354879
1.54654 0.0446182 0.0424517 0.0356993
1.54849 0.0447011 0.0425215 0.0359115
1.55044 0.0447841 0.0425918 0.0361245
1.55239 0.0448672 0.0426624 0.0363381
1.55434 0.0449505 0.0427335 0.0365525
1.55629 0.0450339 0.042805 0.0367676
1.55824 0.0451175 0.0428769 0.0369834
1.56019 0.0452012 0.0429492 0.0371999
1.56214 0.045285 0.043022 0.0374172
1.5641 0.045369 0.0430952 0.0376352
1.56605 0.0454531 0.0431688 0.0378539
1.568 0.0455373 0.0432428 0.0380733
1.56995 0.0456217 0.0433173 0.0382935
1.5719 0.0457063 0.0433922 0.0385144
1.57385 0.045791 0.0434675 0.038736
1.5758 0.0458758 0.0435433 0.0389583
1.57775 0.0459608 0.0436195 0.0391814
1.5797 0.046046 0.0436961 0.0394051
1.58165 0.0461313 0.0437732 0.0396296
1.5836 0.0462167 0.0438507 0.0398548
1.58555 0.0463023 0.0439286 0.0400808
1.5875 0.0463881 0.044007 0.0403075
1.58945 0.046474 0.0440859 0.0405348
1.5914 0.04656 0.0441651 0.040763
1.59335 0.0466462 0.0442449 0.0409918
1.5953 0.0467326 0.044325 0.0412214
1.59725 0.0468191 0.0444056 0.0414516
1.5992 0.0469058 0.0444867 0.0416826
1.60115 0.0469926 0.0445682 0.0419144
1.6031 0.0470796 0.0446502 0.0421468
1.60505 0.0471668 0.0447326 0.04238
1.607 0.0472541 0.0448155 0.0426139
1.60895 0.0473416 0.0448988 0.0428485
1.6109 0.0474292 0.0449826 0.0430839
1.61285 0.0475171 0.0450669 0.0433199
1.6148 0.047605 0.0451516 0.0435567
1.61675 0.0476932 0.0452368 0.0437943
1.6187 0.0477815 0.0453224 0.0440325
1.62065 0.0478699 0.0454085 0.0442715
1.6226 0.0479586 0.0454951 0.0445111
1.62455 0.0480474 0.0455821 0.0447516
1.6265 0.0481364 0.0456697 0.0449927
1.62845 0.0482255 0.0457576 0.0452345
1.6304 0.0483149 0.0458461 0.0454771
1.63235 0.0484044 0.045935 0.0457204
1.6343 0.048494 0.0460244 0.0459644
1.63625 0.0485839 0.0461143 0.0462092
1.6382 0.0486739 0.0462047 0.0464547
1.64015 0.0487641 0.0462955 0.0467009
1.6421 0.0488545 0.0463868 0.0469478
1.64406 0.048945 0.0464786 0.0471954
1.64601 0.0490358 0.0465709 0.0474438
1.64796 0.0491267 0.0466637 0.0476929
1.64991 0.0492178 0.0467569 0.0479427
1.65186 0.0493091 0.0468507 0.0481932
1.65381 0.0494005 0.0469449 0.0484445
1.65576 0.0494922 0.0470396 0.0486965
1.65771 0.049584 0.0471349 0.0489492
1.65966 0.049676 0.0472306 0.0492026
1.66161 0.0497682 0.0473268 0.0494568
1.66356 0.0498606 0.0474235 0.0497116
1.66551 0.0499532 0.0475207 0.0499672
1.66746 0.050046 0.0476184 0.0502236
1.66941 0.0501389 0.0477166 0.0504806
1.67136 0.0502321 0.0478153 0.0507384
1.67331 0.0503254 0.0479145 0.0509969
1.67526 0.050419 0.0480142 0.0512561
1.67721 0.0505127 0.0481144 0.051516
1.67916 0.0506066 0.0482151 0.0517767
1.68111 0.0507008 0.0483164 0.0520381
1.68306 0.0507951 0.0484181 0.0523002
1.68501 0.0508896 0.0485203 0.052563
1.68696 0.0509844 0.0486231 0.0528266
1.68891 0.0510793 0.0487264 0.0530909
1.69086 0.0511744 0.0488302 0.0533559
1.69281 0.0512697 0.0489345 0.0536216
1.69476 0.0513653 0.0490393 0.0538881
1.69671 0.051461 0.0491447 0.0541552
1.69866 0.051557 0.0492506 0.0544231
1.70061 0.0516531 0.049357 0.0546918
1.70256 0.0517495 0.0494639 0.0549611
1.70451 0.0518461 0.0495714 0.0552312
1.70646 0.0519428 0.0496793 0.055502
1.70841 0.0520398 0.0497878 0.0557735
1.71036 0.052137 0.0498969 0.0560457
1.71231 0.0522345 0.0500064 0.0563187
1.71426 0.0523321 0.0501166 0.0565924
1.71621 0.0524299 0.0502272 0.0568668
1.71816 0.052528 0.0503384 0.0571419
1.72011 0.0526263 0.0504501 0.0574178
1.72206 0.0527248 0.0505623 0.0576943
1.72402 0.0528235 0.0506751 0.0579716
1.72597 0.0529224 0.0507884 0.0582497
1.72792 0.0530216 0.0509023 0.0585284
1.72987 0.053121 0.0510167 0.0588079
1.73182 0.0532206 0.0511317 0.0590881
1.73377 0.0533204 0.0512472 0.059369
1.73572 0.0534205 0.0513633 0.0596506
1.73767 0.0535208 0.0514799 0.059933
1.73962 0.0536213 0.051597 0.0602161
1.74157 0.053722 0.0517147 0.0604999
1.74352 0.053823 0.051833 0.0607845
1.74547 0.0539242 0.0519518 0.0610697
1.74742 0.0540256 0.0520712 0.0613557
1.74937 0.0541273 0.0521911 0.0616424
1.75132 0.0542292 0.0523116 0.0619298
1.75327 0.0543313 0.0524327 0.062218
1.75522 0.0544337 0.0525543 0.0625069
1.75717 0.0545363 0.0526765 0.0627965
1.75912 0.0546392 0.0527993 0.0630868
1.76107 0.0547423 0.0529226 0.0633778
1.76302 0.0548456 0.0530465 0.0636696
1.76497 0.0549492 0.0531709 0.0639621
1.76692 0.055053 0.053296 0.0642553
1.76887 0.055157 0.0534216 0.0645493
1.77082 0.0552614 0.0535477 0.0648439
1.77277 0.0553659 0.0536745 0.0651393
1.77472 0.0554707 0.0538018 0.0654354
1.77667 0.0555758 0.0539297 0.0657323
1.77862 0.0556811 0.0540582 0.0660298
1.78057 0.0557866 0.0541873 0.0663281
1.78252 0.0558924 0.0543169 0.0666271
1.78447 0.0559985 0.0544471 0.0669268
1.78642 0.0561048 0.054578 0.0672273
1.78837 0.0562114 0.0547094 0.0675285
1.79032 0.0563182 0.0548413 0.0678304
1.79227 0.0564253 0.0549739 0.068133
1.79422 0.0565326 0.0551071 0.0684364
1.79617 0.0566402 0.0552409 0.0687404
1.79812 0.0567481 0.0553752 0.0690452
1.80007 0.0568562 0.0555102 0.0693507
1.80202 0.0569646 0.0556457 0.069657
1.80398 0.0570733 0.0557819 0.0699639
1.80593 0.0571822 0.0559186 0.0702716
1.80788 0.0572914 0.056056 0.07058
1.80983 0.0574008 0.0561939 0.0708892
1.81178 0.0575105 0.0563325 0.071199
1.81373 0.0576205 0.0564716 0.0715096
1.81568 0.0577308 0.0566114 0.0718209
1.81763 0.0578414 0.0567518 0.072133
1.81958 0.0579522 0.0568927 0.0724457
1.82153 0.0580633 0.0570343 0.0727592
1.82348 0.0581746 0.0571765 0.0730734
1.82543 0.0582863 0.0573194 0.0733883
1.82738 0.0583982 0.0574628 0.073704
1.82933 0.0585104 0.0576068 0.0740203
1.83128 0.0586229 0.0577515 0.0743374
1.83323 0.0587357 0.0578968 0.0746552
1.83518 0.0588487 0.0580427 0.0749738
1.83713 0.0589621 0.0581892 0.075293
1.83908 0.0590757 0.0583364 0.075613
1.84103 0.0591896 0.0584842 0.0759337
1.84298 0.0593038 0.0586326 0.0762552
1.84493 0.0594183 0.0587816 0.0765773
1.84688 0.0595331 0.0589313 0.0769002
1.84883 0.0596482 0.0590815 0.0772238
1.85078 0.0597635 0.0592325 0.0775482
1.85273 0.0598792 0.059384 0.0778732
1.85468 0.0599952 0.0595362 0.078199
1.85663 0.0601114 0.059689 0.0785255
1.85858 0.060228 0.0598425 0.0788527
1.86053 0.0603448 0.0599966 0.0791807
1.86248 0.060462 0.0601513 0.0795093
1.86443 0.0605795 0.0603067 0.0798387
1.86638 0.0606972 0.0604627 0.0801688
1.86833 0.0608153 0.0606194 0.0804997
1.87028 0.0609337 0.0607767 0.0808312
1.87223 0.0610524 0.0609347 0.0811635
1.87418 0.0611713 0.0610933 0.0814966
1.87613 0.0612906 0.0612526 0.0818303
1.87808 0.0614103 0.0614125 0.0821647
1.88003 0.0615302 0.0615731 0.0824999
1.88198 0.0616504 0.0617343 0.0828358
1.88394 0.061771 0.0618962 0.0831725
1.88589 0.0618919 0.0620587 0.0835098
1.88784 0.062013 0.0622219 0.0838479
1.88979 0.0621345 0.0623857 0.0841867
1.89174 0.0622564 0.0625503 0.0845262
1.89369 0.0623785 0.0627154 0.0848665
1.89564 0.062501 0.0628813 0.0852074
1.89759 0.0626238 0.0630478 0.0855491
1.89954 0.0627469 0.063215 0.0858916
1.90149 0.0628704 0.0633828 0.0862347
1.90344 0.0629941 0.0635513 0.0865786
1.90539 0.0631182 0.0637205 0.0869232
1.90734 0.0632427 0.0638904 0.0872685
1.90929 0.0633674 0.0640609 0.0876145
1.91124 0.0634925 0.0642321 0.0879613
1.91319 0.063618 0.064404 0.0883088
1.91514 0.0637438 0.0645766 0.088657
1.91709 0.0638699 0.0647498 0.0890059
1.91904 0.0639963 0.0649237 0.0893555
1.92099 0.0641231 0.0650983 0.0897059
1.92294 0.0642502 0.0652736 0.090057
1.92489 0.0643777 0.0654496 0.0904089
1.92684 0.0645055 0.0656263 0.0907614
1.92879 0.0646337 0.0658036 0.0911147
1.93074 0.0647622 0.0659817 0.0914687
1.93269 0.064891 0.0661604 0.0918234
1.93464 0.0650202 0.0663398 0.0921788
1.93659 0.0651498 0.0665199 0.092535
1.93854 0.0652797 0.0667007 0.0928919
1.94049 0.06541 0.0668823 0.0932495
1.94244 0.0655406 0.0670645 0.0936079
1.94439 0.0656715 0.0672474 0.0939669
1.94634 0.0658029 0.067431 0.0943267
1.94829 0.0659346 0.0676153 0.0946872
1.95024 0.0660666 0.0678003 0.0950484
