% Flood Neural Network. Catenary problem results data file.
% Column data:
%  1 - Independent variable (x)
%  2 - Dependent variable (y)

0 1
0.001 0.999301
0.002 0.998599
0.003 0.997894
0.004 0.997186
0.005 0.996474
0.006 0.99576
0.007 0.995043
0.008 0.994323
0.009 0.9936
0.01 0.992875
0.011 0.992146
0.012 0.991414
0.013 0.99068
0.014 0.989942
0.015 0.989202
0.016 0.988459
0.017 0.987713
0.018 0.986964
0.019 0.986212
0.02 0.985457
0.021 0.9847
0.022 0.98394
0.023 0.983177
0.024 0.982411
0.025 0.981642
0.026 0.980871
0.027 0.980097
0.028 0.97932
0.029 0.97854
0.03 0.977758
0.031 0.976973
0.032 0.976185
0.033 0.975395
0.034 0.974602
0.035 0.973806
0.036 0.973007
0.037 0.972206
0.038 0.971402
0.039 0.970596
0.04 0.969787
0.041 0.968975
0.042 0.968161
0.043 0.967344
0.044 0.966525
0.045 0.965703
0.046 0.964879
0.047 0.964052
0.048 0.963222
0.049 0.96239
0.05 0.961556
0.051 0.960719
0.052 0.959879
0.053 0.959037
0.054 0.958193
0.055 0.957346
0.056 0.956496
0.057 0.955645
0.058 0.954791
0.059 0.953934
0.06 0.953075
0.061 0.952214
0.062 0.95135
0.063 0.950484
0.064 0.949616
0.065 0.948745
0.066 0.947872
0.067 0.946997
0.068 0.946119
0.069 0.945239
0.07 0.944357
0.071 0.943473
0.072 0.942586
0.073 0.941697
0.074 0.940806
0.075 0.939913
0.076 0.939018
0.077 0.93812
0.078 0.93722
0.079 0.936319
0.08 0.935414
0.081 0.934508
0.082 0.9336
0.083 0.93269
0.084 0.931777
0.085 0.930863
0.086 0.929946
0.087 0.929028
0.088 0.928107
0.089 0.927184
0.09 0.92626
0.091 0.925333
0.092 0.924404
0.093 0.923474
0.094 0.922541
0.095 0.921607
0.096 0.92067
0.097 0.919732
0.098 0.918792
0.099 0.917849
0.1 0.916905
0.101 0.91596
0.102 0.915012
0.103 0.914062
0.104 0.913111
0.105 0.912158
0.106 0.911203
0.107 0.910246
0.108 0.909288
0.109 0.908328
0.11 0.907366
0.111 0.906402
0.112 0.905437
0.113 0.90447
0.114 0.903501
0.115 0.902531
0.116 0.901559
0.117 0.900585
0.118 0.89961
0.119 0.898633
0.12 0.897655
0.121 0.896675
0.122 0.895693
0.123 0.89471
0.124 0.893725
0.125 0.892739
0.126 0.891751
0.127 0.890762
0.128 0.889772
0.129 0.88878
0.13 0.887786
0.131 0.886791
0.132 0.885795
0.133 0.884797
0.134 0.883798
0.135 0.882797
0.136 0.881795
0.137 0.880792
0.138 0.879788
0.139 0.878782
0.14 0.877775
0.141 0.876766
0.142 0.875757
0.143 0.874746
0.144 0.873734
0.145 0.87272
0.146 0.871706
0.147 0.87069
0.148 0.869673
0.149 0.868655
0.15 0.867636
0.151 0.866615
0.152 0.865594
0.153 0.864571
0.154 0.863548
0.155 0.862523
0.156 0.861497
0.157 0.86047
0.158 0.859442
0.159 0.858414
0.16 0.857384
0.161 0.856353
0.162 0.855321
0.163 0.854289
0.164 0.853255
0.165 0.852221
0.166 0.851185
0.167 0.850149
0.168 0.849112
0.169 0.848074
0.17 0.847035
0.171 0.845995
0.172 0.844955
0.173 0.843914
0.174 0.842872
0.175 0.841829
0.176 0.840786
0.177 0.839741
0.178 0.838696
0.179 0.837651
0.18 0.836605
0.181 0.835558
0.182 0.83451
0.183 0.833462
0.184 0.832413
0.185 0.831364
0.186 0.830314
0.187 0.829264
0.188 0.828213
0.189 0.827161
0.19 0.826109
0.191 0.825056
0.192 0.824003
0.193 0.82295
0.194 0.821896
0.195 0.820842
0.196 0.819787
0.197 0.818732
0.198 0.817676
0.199 0.81662
0.2 0.815564
0.201 0.814508
0.202 0.813451
0.203 0.812393
0.204 0.811336
0.205 0.810278
0.206 0.80922
0.207 0.808162
0.208 0.807104
0.209 0.806045
0.21 0.804986
0.211 0.803927
0.212 0.802868
0.213 0.801809
0.214 0.80075
0.215 0.79969
0.216 0.798631
0.217 0.797571
0.218 0.796511
0.219 0.795452
0.22 0.794392
0.221 0.793332
0.222 0.792273
0.223 0.791213
0.224 0.790154
0.225 0.789094
0.226 0.788035
0.227 0.786975
0.228 0.785916
0.229 0.784857
0.23 0.783798
0.231 0.782739
0.232 0.781681
0.233 0.780623
0.234 0.779564
0.235 0.778507
0.236 0.777449
0.237 0.776392
0.238 0.775334
0.239 0.774278
0.24 0.773221
0.241 0.772165
0.242 0.771109
0.243 0.770054
0.244 0.768999
0.245 0.767944
0.246 0.76689
0.247 0.765836
0.248 0.764783
0.249 0.76373
0.25 0.762678
0.251 0.761626
0.252 0.760575
0.253 0.759524
0.254 0.758474
0.255 0.757424
0.256 0.756375
0.257 0.755327
0.258 0.754279
0.259 0.753232
0.26 0.752185
0.261 0.75114
0.262 0.750095
0.263 0.74905
0.264 0.748006
0.265 0.746963
0.266 0.745921
0.267 0.74488
0.268 0.743839
0.269 0.742799
0.27 0.74176
0.271 0.740722
0.272 0.739685
0.273 0.738649
0.274 0.737613
0.275 0.736578
0.276 0.735545
0.277 0.734512
0.278 0.73348
0.279 0.73245
0.28 0.73142
0.281 0.730391
0.282 0.729363
0.283 0.728337
0.284 0.727311
0.285 0.726286
0.286 0.725263
0.287 0.72424
0.288 0.723219
0.289 0.722199
0.29 0.72118
0.291 0.720163
0.292 0.719146
0.293 0.718131
0.294 0.717117
0.295 0.716104
0.296 0.715092
0.297 0.714082
0.298 0.713073
0.299 0.712065
0.3 0.711059
0.301 0.710054
0.302 0.70905
0.303 0.708048
0.304 0.707047
0.305 0.706048
0.306 0.70505
0.307 0.704053
0.308 0.703058
0.309 0.702064
0.31 0.701072
0.311 0.700081
0.312 0.699092
0.313 0.698105
0.314 0.697119
0.315 0.696134
0.316 0.695152
0.317 0.69417
0.318 0.693191
0.319 0.692213
0.32 0.691237
0.321 0.690262
0.322 0.689289
0.323 0.688318
0.324 0.687349
0.325 0.686381
0.326 0.685415
0.327 0.684451
0.328 0.683488
0.329 0.682528
0.33 0.681569
0.331 0.680612
0.332 0.679657
0.333 0.678704
0.334 0.677753
0.335 0.676803
0.336 0.675856
0.337 0.674911
0.338 0.673967
0.339 0.673025
0.34 0.672086
0.341 0.671148
0.342 0.670213
0.343 0.669279
0.344 0.668348
0.345 0.667418
0.346 0.666491
0.347 0.665566
0.348 0.664643
0.349 0.663722
0.35 0.662803
0.351 0.661886
0.352 0.660972
0.353 0.660059
0.354 0.659149
0.355 0.658241
0.356 0.657336
0.357 0.656432
0.358 0.655531
0.359 0.654633
0.36 0.653736
0.361 0.652842
0.362 0.65195
0.363 0.651061
0.364 0.650173
0.365 0.649289
0.366 0.648406
0.367 0.647526
0.368 0.646649
0.369 0.645774
0.37 0.644901
0.371 0.644031
0.372 0.643164
0.373 0.642299
0.374 0.641436
0.375 0.640576
0.376 0.639718
0.377 0.638864
0.378 0.638011
0.379 0.637161
0.38 0.636314
0.381 0.63547
0.382 0.634628
0.383 0.633789
0.384 0.632952
0.385 0.632118
0.386 0.631287
0.387 0.630459
0.388 0.629633
0.389 0.62881
0.39 0.62799
0.391 0.627173
0.392 0.626358
0.393 0.625546
0.394 0.624737
0.395 0.623931
0.396 0.623128
0.397 0.622328
0.398 0.62153
0.399 0.620736
0.4 0.619944
0.401 0.619155
0.402 0.618369
0.403 0.617586
0.404 0.616807
0.405 0.61603
0.406 0.615256
0.407 0.614485
0.408 0.613717
0.409 0.612952
0.41 0.61219
0.411 0.611432
0.412 0.610676
0.413 0.609923
0.414 0.609174
0.415 0.608428
0.416 0.607685
0.417 0.606945
0.418 0.606208
0.419 0.605474
0.42 0.604744
0.421 0.604016
0.422 0.603292
0.423 0.602572
0.424 0.601854
0.425 0.60114
0.426 0.600429
0.427 0.599721
0.428 0.599017
0.429 0.598316
0.43 0.597618
0.431 0.596924
0.432 0.596233
0.433 0.595545
0.434 0.594861
0.435 0.59418
0.436 0.593503
0.437 0.592829
0.438 0.592158
0.439 0.591491
0.44 0.590828
0.441 0.590167
0.442 0.589511
0.443 0.588858
0.444 0.588208
0.445 0.587562
0.446 0.58692
0.447 0.586281
0.448 0.585645
0.449 0.585013
0.45 0.584385
0.451 0.583761
0.452 0.58314
0.453 0.582523
0.454 0.581909
0.455 0.581299
0.456 0.580693
0.457 0.58009
0.458 0.579491
0.459 0.578896
0.46 0.578305
0.461 0.577717
0.462 0.577133
0.463 0.576553
0.464 0.575976
0.465 0.575404
0.466 0.574835
0.467 0.57427
0.468 0.573709
0.469 0.573151
0.47 0.572598
0.471 0.572048
0.472 0.571503
0.473 0.570961
0.474 0.570423
0.475 0.569889
0.476 0.569359
0.477 0.568832
0.478 0.56831
0.479 0.567792
0.48 0.567278
0.481 0.566767
0.482 0.566261
0.483 0.565759
0.484 0.565261
0.485 0.564766
0.486 0.564276
0.487 0.56379
0.488 0.563308
0.489 0.56283
0.49 0.562356
0.491 0.561886
0.492 0.56142
0.493 0.560959
0.494 0.560501
0.495 0.560048
0.496 0.559599
0.497 0.559154
0.498 0.558713
0.499 0.558277
0.5 0.557844
0.501 0.557416
0.502 0.556992
0.503 0.556572
0.504 0.556157
0.505 0.555746
0.506 0.555339
0.507 0.554936
0.508 0.554538
0.509 0.554144
0.51 0.553754
0.511 0.553368
0.512 0.552987
0.513 0.55261
0.514 0.552238
0.515 0.55187
0.516 0.551506
0.517 0.551147
0.518 0.550792
0.519 0.550441
0.52 0.550095
0.521 0.549754
0.522 0.549416
0.523 0.549084
0.524 0.548755
0.525 0.548431
0.526 0.548112
0.527 0.547797
0.528 0.547486
0.529 0.547181
0.53 0.546879
0.531 0.546582
0.532 0.54629
0.533 0.546002
0.534 0.545719
0.535 0.54544
0.536 0.545166
0.537 0.544896
0.538 0.544631
0.539 0.544371
0.54 0.544115
0.541 0.543864
0.542 0.543618
0.543 0.543376
0.544 0.543139
0.545 0.542906
0.546 0.542678
0.547 0.542455
0.548 0.542236
0.549 0.542023
0.55 0.541813
0.551 0.541609
0.552 0.541409
0.553 0.541214
0.554 0.541024
0.555 0.540839
0.556 0.540658
0.557 0.540482
0.558 0.540311
0.559 0.540144
0.56 0.539983
0.561 0.539826
0.562 0.539674
0.563 0.539526
0.564 0.539384
0.565 0.539247
0.566 0.539114
0.567 0.538986
0.568 0.538863
0.569 0.538745
0.57 0.538632
0.571 0.538523
0.572 0.53842
0.573 0.538321
0.574 0.538227
0.575 0.538139
0.576 0.538055
0.577 0.537976
0.578 0.537902
0.579 0.537833
0.58 0.537769
0.581 0.53771
0.582 0.537655
0.583 0.537606
0.584 0.537562
0.585 0.537523
0.586 0.537489
0.587 0.537459
0.588 0.537435
0.589 0.537416
0.59 0.537402
0.591 0.537393
0.592 0.537389
0.593 0.53739
0.594 0.537396
0.595 0.537407
0.596 0.537423
0.597 0.537444
0.598 0.537471
0.599 0.537502
0.6 0.537539
0.601 0.537581
0.602 0.537627
0.603 0.537679
0.604 0.537736
0.605 0.537798
0.606 0.537866
0.607 0.537938
0.608 0.538016
0.609 0.538099
0.61 0.538187
0.611 0.53828
0.612 0.538378
0.613 0.538481
0.614 0.53859
0.615 0.538704
0.616 0.538823
0.617 0.538947
0.618 0.539077
0.619 0.539212
0.62 0.539352
0.621 0.539497
0.622 0.539648
0.623 0.539803
0.624 0.539964
0.625 0.540131
0.626 0.540302
0.627 0.540479
0.628 0.540661
0.629 0.540848
0.63 0.541041
0.631 0.541239
0.632 0.541442
0.633 0.541651
0.634 0.541865
0.635 0.542084
0.636 0.542308
0.637 0.542538
0.638 0.542774
0.639 0.543014
0.64 0.54326
0.641 0.543511
0.642 0.543768
0.643 0.54403
0.644 0.544297
0.645 0.54457
0.646 0.544848
0.647 0.545132
0.648 0.54542
0.649 0.545715
0.65 0.546014
0.651 0.54632
0.652 0.54663
0.653 0.546946
0.654 0.547267
0.655 0.547594
0.656 0.547926
0.657 0.548264
0.658 0.548607
0.659 0.548956
0.66 0.54931
0.661 0.549669
0.662 0.550034
0.663 0.550404
0.664 0.55078
0.665 0.551162
0.666 0.551548
0.667 0.551941
0.668 0.552338
0.669 0.552742
0.67 0.55315
0.671 0.553565
0.672 0.553985
0.673 0.55441
0.674 0.554841
0.675 0.555277
0.676 0.555719
0.677 0.556166
0.678 0.556619
0.679 0.557077
0.68 0.557541
0.681 0.558011
0.682 0.558486
0.683 0.558966
0.684 0.559453
0.685 0.559944
0.686 0.560442
0.687 0.560944
0.688 0.561453
0.689 0.561967
0.69 0.562486
0.691 0.563012
0.692 0.563542
0.693 0.564079
0.694 0.56462
0.695 0.565168
0.696 0.565721
0.697 0.56628
0.698 0.566844
0.699 0.567414
0.7 0.567989
0.701 0.568571
0.702 0.569157
0.703 0.56975
0.704 0.570348
0.705 0.570951
0.706 0.571561
0.707 0.572176
0.708 0.572796
0.709 0.573422
0.71 0.574054
0.711 0.574691
0.712 0.575335
0.713 0.575983
0.714 0.576638
0.715 0.577298
0.716 0.577964
0.717 0.578635
0.718 0.579312
0.719 0.579995
0.72 0.580683
0.721 0.581377
0.722 0.582077
0.723 0.582783
0.724 0.583494
0.725 0.584211
0.726 0.584933
0.727 0.585661
0.728 0.586395
0.729 0.587135
0.73 0.58788
0.731 0.588631
0.732 0.589388
0.733 0.59015
0.734 0.590918
0.735 0.591692
0.736 0.592471
0.737 0.593257
0.738 0.594048
0.739 0.594844
0.74 0.595647
0.741 0.596455
0.742 0.597269
0.743 0.598088
0.744 0.598914
0.745 0.599745
0.746 0.600581
0.747 0.601424
0.748 0.602272
0.749 0.603126
0.75 0.603986
0.751 0.604851
0.752 0.605722
0.753 0.606599
0.754 0.607482
0.755 0.60837
0.756 0.609265
0.757 0.610165
0.758 0.61107
0.759 0.611982
0.76 0.612899
0.761 0.613822
0.762 0.614751
0.763 0.615685
0.764 0.616625
0.765 0.617571
0.766 0.618523
0.767 0.619481
0.768 0.620444
0.769 0.621413
0.77 0.622388
0.771 0.623369
0.772 0.624355
0.773 0.625347
0.774 0.626345
0.775 0.627349
0.776 0.628358
0.777 0.629374
0.778 0.630395
0.779 0.631422
0.78 0.632454
0.781 0.633493
0.782 0.634537
0.783 0.635587
0.784 0.636643
0.785 0.637704
0.786 0.638772
0.787 0.639845
0.788 0.640924
0.789 0.642009
0.79 0.643099
0.791 0.644195
0.792 0.645297
0.793 0.646405
0.794 0.647519
0.795 0.648639
0.796 0.649764
0.797 0.650895
0.798 0.652032
0.799 0.653175
0.8 0.654323
0.801 0.655477
0.802 0.656637
0.803 0.657803
0.804 0.658975
0.805 0.660152
0.806 0.661336
0.807 0.662525
0.808 0.66372
0.809 0.66492
0.81 0.666127
0.811 0.667339
0.812 0.668557
0.813 0.669781
0.814 0.671011
0.815 0.672247
0.816 0.673488
0.817 0.674735
0.818 0.675988
0.819 0.677247
0.82 0.678511
0.821 0.679782
0.822 0.681058
0.823 0.68234
0.824 0.683628
0.825 0.684921
0.826 0.68622
0.827 0.687526
0.828 0.688837
0.829 0.690153
0.83 0.691476
0.831 0.692804
0.832 0.694139
0.833 0.695479
0.834 0.696825
0.835 0.698176
0.836 0.699534
0.837 0.700897
0.838 0.702266
0.839 0.703641
0.84 0.705021
0.841 0.706408
0.842 0.7078
0.843 0.709198
0.844 0.710602
0.845 0.712012
0.846 0.713427
0.847 0.714848
0.848 0.716275
0.849 0.717708
0.85 0.719147
0.851 0.720591
0.852 0.722042
0.853 0.723498
0.854 0.72496
0.855 0.726427
0.856 0.727901
0.857 0.72938
0.858 0.730865
0.859 0.732356
0.86 0.733853
0.861 0.735355
0.862 0.736863
0.863 0.738377
0.864 0.739897
0.865 0.741423
0.866 0.742954
0.867 0.744491
0.868 0.746034
0.869 0.747583
0.87 0.749137
0.871 0.750698
0.872 0.752264
0.873 0.753836
0.874 0.755413
0.875 0.756997
0.876 0.758586
0.877 0.760181
0.878 0.761782
0.879 0.763388
0.88 0.765001
0.881 0.766619
0.882 0.768243
0.883 0.769872
0.884 0.771508
0.885 0.773149
0.886 0.774796
0.887 0.776449
0.888 0.778107
0.889 0.779772
0.89 0.781442
0.891 0.783117
0.892 0.784799
0.893 0.786486
0.894 0.788179
0.895 0.789878
0.896 0.791583
0.897 0.793293
0.898 0.795009
0.899 0.796731
0.9 0.798459
0.901 0.800192
0.902 0.801932
0.903 0.803676
0.904 0.805427
0.905 0.807183
0.906 0.808946
0.907 0.810714
0.908 0.812487
0.909 0.814266
0.91 0.816052
0.911 0.817842
0.912 0.819639
0.913 0.821441
0.914 0.823249
0.915 0.825063
0.916 0.826883
0.917 0.828708
0.918 0.830539
0.919 0.832376
0.92 0.834218
0.921 0.836066
0.922 0.83792
0.923 0.83978
0.924 0.841645
0.925 0.843516
0.926 0.845393
0.927 0.847275
0.928 0.849163
0.929 0.851057
0.93 0.852957
0.931 0.854862
0.932 0.856773
0.933 0.85869
0.934 0.860612
0.935 0.86254
0.936 0.864474
0.937 0.866414
0.938 0.868359
0.939 0.87031
0.94 0.872266
0.941 0.874228
0.942 0.876196
0.943 0.87817
0.944 0.880149
0.945 0.882134
0.946 0.884125
0.947 0.886121
0.948 0.888123
0.949 0.890131
0.95 0.892145
0.951 0.894164
0.952 0.896188
0.953 0.898219
0.954 0.900255
0.955 0.902296
0.956 0.904344
0.957 0.906397
0.958 0.908456
0.959 0.91052
0.96 0.91259
0.961 0.914665
0.962 0.916747
0.963 0.918834
0.964 0.920926
0.965 0.923025
0.966 0.925128
0.967 0.927238
0.968 0.929353
0.969 0.931474
0.97 0.9336
0.971 0.935732
0.972 0.93787
0.973 0.940013
0.974 0.942162
0.975 0.944317
0.976 0.946477
0.977 0.948642
0.978 0.950814
0.979 0.952991
0.98 0.955173
0.981 0.957362
0.982 0.959555
0.983 0.961755
0.984 0.96396
0.985 0.966171
0.986 0.968387
0.987 0.970609
0.988 0.972836
0.989 0.975069
0.99 0.977307
0.991 0.979552
0.992 0.981801
0.993 0.984057
0.994 0.986318
0.995 0.988584
0.996 0.990856
0.997 0.993134
0.998 0.995417
0.999 0.997706
1 1
